0 15655 6161
1 61876 53276
2 34642 50259
3 3211 55718
4 25596 60865
5 34745 27153
6 50300 37505
7 29824 65017
8 60324 42234
9 33640 53434
10 16772 47440
11 9753 48272
12 16511 44272
13 59802 53325
14 47137 49835
15 11223 40483
16 38679 8517
17 3764 112
18 33998 12695
19 50488 39955
20 7438 22158
21 12228 50907
22 47605 54234
23 15107 2147
24 39817 20812
25 19520 27593
26 50389 38306
27 12972 59461
28 16330 6015
29 54793 63047
30 29582 4099
31 22380 6147
32 19316 40523
33 18725 49381
34 16487 24349
35 1738 21326
36 7558 26946
37 51424 1
38 51248 3909
39 47824 58912
40 55582 57808
41 31785 64011
42 41807 25136
43 34178 28797
44 55574 14391
45 24081 8528
46 38428 18970
47 5794 52307
48 23905 6859
49 50074 29072
50 43554 48111
51 17226 47486
52 24575 17712
53 19077 6404
54 10580 65320
55 6039 27855
56 43354 8752
57 27550 26321
58 45164 31458
59 55149 23871
60 61280 28904
61 11711 11955
62 60369 2624
63 43261 10649
64 13673 10672
65 49391 53661
66 30474 10864
67 62897 25741
68 48909 44329
69 25704 42331
70 26196 36515
71 24015 10188
72 52760 41129
73 28933 63849
74 5478 49078
75 6224 4946
76 53560 27787
77 60586 34439
78 16066 63594
79 37055 51545
80 32394 11348
81 38152 14004
82 6826 52603
83 60772 45684
84 56578 37960
85 38054 14468
86 4233 51848
87 64255 43267
88 51416 35051
89 1856 10264
90 50095 26581
91 51188 32029
92 32672 36833
93 41930 36500
94 12923 64682
95 25939 22863
96 35612 5075
97 11089 2947
98 14487 6064
99 12681 63101
100 55526 14406
101 55013 43419
102 14083 62541
103 46532 30907
104 55927 47672
105 32864 62862
106 58938 29321
107 47758 52154
108 12066 42048
109 57416 46615
110 52740 40438
111 2493 29479
112 53017 64305
113 48170 24541
114 27411 21899
115 5697 59137
116 15498 53332
117 25841 52115
118 8266 16004
119 10713 37184
120 37407 53837
121 63021 46546
122 51068 50557
123 29826 51211
124 5697 64434
125 60124 57888
126 20036 41362
127 46645 54038
128 38220 60781
129 16180 23450
130 62937 25345
131 64765 64945
132 31203 41367
133 22547 47332
134 53705 10870
135 44496 10928
136 20210 54296
137 27883 10407
138 36435 19959
139 33826 56779
140 44574 39070
141 63036 21655
142 21830 8745
143 54253 52697
144 2372 51014
145 26540 34975
146 60285 41649
147 47357 53979
148 56891 36503
149 59362 53718
150 43026 62064
151 48091 4955
152 16291 30341
153 6353 15505
154 62407 5953
155 27244 12111
156 40042 3592
157 35129 10235
158 29893 4071
159 53594 35162
160 44199 16566
161 14014 56450
162 37276 8263
163 16486 46607
164 46176 39143
165 17346 63043
166 25761 12092
167 36928 34322
168 36586 51869
169 44566 45777
170 59694 13165
171 38261 19720
172 10343 4714
173 30452 49269
174 39449 61157
175 52789 31702
176 7616 61665
177 13591 27081
178 22493 52758
179 52543 63757
180 34460 14780
181 34301 50211
182 4213 15018
183 6744 30571
184 43631 40191
185 39103 4323
186 31152 39068
187 36418 18994
188 58740 28870
189 49409 61606
190 31352 43348
191 10954 58937
192 55920 37798
193 7267 52103
194 58941 30018
195 52623 54467
196 3323 25706
197 41046 25849
198 52178 34620
199 18560 50577
200 7821 660
201 49396 30424
202 14767 54778
203 58023 16131
204 44406 38970
205 38783 19199
206 48239 23752
207 31606 55355
208 57772 41591
209 46330 24778
210 10654 13045
211 26160 39372
212 62515 15143
213 38708 37041
214 60891 50379
215 47571 48045
216 4588 23057
217 17988 17733
218 16169 10024
219 24660 34496
220 21782 64756
221 14769 10831
222 19919 50604
223 30855 33431
224 39055 59768
225 51718 6313
226 21398 35999
227 15995 34248
228 33522 1269
229 37978 42298
230 64639 54209
231 595 28863
232 13056 4291
233 57128 62798
234 34577 45422
235 62733 56776
236 27122 25195
237 64992 14350
238 64871 14067
239 62444 28064
240 58719 28829
241 10788 55891
242 29904 40074
243 38034 4898
244 3177 2744
245 29831 32977
246 50370 1148
247 15241 62355
248 29791 60520
249 12847 27267
250 63965 33606
251 12621 50905
252 40965 5132
253 60893 51498
254 3022 29951
255 31084 57497
256 30060 37439
257 49086 33147
258 14814 63509
259 31730 52809
260 6486 51715
261 21473 25692
262 32582 64046
263 17925 21863
264 16207 12761
265 29514 56917
266 20973 37147
267 1475 46921
268 49156 15363
269 38932 48455
270 3487 26906
271 33218 7907
272 64894 17794
273 16559 55291
274 43108 31177
275 42534 4665
276 12813 31529
277 55759 61851
278 40473 44867
279 54515 26204
280 10519 56117
281 324 16079
282 52096 3550
283 58171 60276
284 65518 40017
285 30680 7934
286 19758 4606
287 2195 12750
288 38832 61730
289 4213 1659
290 5995 12386
291 42416 24747
292 58712 51090
293 25143 41854
294 33628 3023
295 63652 1031
296 14118 3889
297 60560 61286
298 16257 50085
299 22443 5959
300 40352 38743
301 26589 48713
302 40080 47734
303 50619 34414
304 45906 37506
305 37637 28266
306 21468 6012
307 50319 19075
308 36753 10650
309 47110 33947
310 1869 38183
311 56478 27550
312 59044 17397
313 26568 59350
314 63420 14401
315 34481 41326
316 2226 57938
317 61419 803
318 47713 54048
319 38019 60905
320 24748 57330
321 49101 56884
322 30792 54644
323 39041 50876
324 14581 15731
325 41582 5207
326 14211 58883
327 28059 16892
328 34566 46750
329 36232 1110
330 56362 48682
331 20028 25282
332 22581 31274
333 48694 31674
334 49539 4535
335 58491 24470
336 59514 45460
337 59606 3819
338 18319 28905
339 16011 7693
340 3160 52727
341 30263 23054
342 54822 31671
343 8958 9724
344 32818 13282
345 17308 9090
346 34743 58275
347 58596 35899
348 18602 38449
349 13468 15969
350 40405 38119
351 25291 55369
352 53095 58995
353 62515 53797
354 34968 13519
355 20299 7646
356 23205 31346
357 58128 4496
358 46140 55928
359 50523 33458
360 59109 3315
361 2350 49616
362 63538 25306
363 48800 54067
364 7348 20614
365 37761 46642
366 18171 32452
367 369 26133
368 10508 13719
369 37686 41657
370 61093 38070
371 37070 58677
372 8023 56976
373 38030 20756
374 53361 58667
375 34597 7427
376 15677 58688
377 28431 20346
378 11671 61664
379 21286 43680
380 44539 16508
381 53895 48965
382 6079 11912
383 9709 10474
384 11532 47941
385 50060 5380
386 4180 35163
387 55495 24793
388 56798 50850
389 50694 25221
390 41914 34871
391 36425 24038
392 49348 37723
393 45821 40393
394 44690 63127
395 2719 27236
396 10903 60865
397 31032 52041
398 35218 34011
399 49776 51469
400 56316 50928
401 38985 57600
402 45498 58720
403 27822 4201
404 49870 13498
405 6284 16501
406 11708 48633
407 1638 16277
408 30047 7288
409 52325 38798
410 56768 39264
411 3826 2016
412 54827 15159
413 19560 52860
414 37713 7596
415 9442 16832
416 2126 46717
417 9099 40588
418 29025 38906
419 63703 22701
420 60184 47598
421 38661 47216
422 22555 29603
423 49142 53932
424 22099 27263
425 15052 55860
426 54866 8004
427 42020 11786
428 51131 53943
429 21380 48279
430 13461 41094
431 50782 60189
432 51108 64973
433 65457 54255
434 7412 48481
435 22677 59587
436 34058 34969
437 60288 23497
438 21552 41542
439 3874 42619
440 11307 3168
441 20815 30200
442 53872 7012
443 44853 52027
444 1731 15193
445 7689 8733
446 45067 60718
447 46600 30378
448 5535 26900
449 653 1967
450 48167 54452
451 3489 23701
452 39935 12488
453 4948 2175
454 19681 55019
455 59868 36523
456 53857 9771
457 7853 50517
458 94 55137
459 12774 11674
460 30484 19233
461 35400 21087
462 11985 35455
463 7584 47127
464 62105 25942
465 61544 7787
466 1390 37963
467 15716 26849
468 49511 44292
469 1932 34116
470 51171 52142
471 6232 63061
472 4263 27012
473 24785 15047
474 41093 46716
475 10293 36865
476 53634 22429
477 58726 5711
478 60343 22167
479 46478 37928
480 31295 38386
481 10655 56167
482 32244 27070
483 7612 38111
484 59260 40705
485 22456 30612
486 18026 44157
487 1664 51721
488 63668 64618
489 32497 24288
490 62261 57609
491 41359 62441
492 34652 61012
493 55021 57740
494 57750 16005
495 40125 56888
496 25161 33181
497 15001 56826
498 14533 2468
499 29781 30659
500 5854 12252
501 28371 39620
502 37595 28307
503 19566 33256
504 37830 5192
505 39737 4356
506 12293 50019
507 63050 12381
508 63778 26143
509 31528 39187
510 47954 38289
511 9168 34306
512 32111 51974
513 1191 38986
514 43641 19388
515 24992 27020
516 30248 21985
517 10668 44383
518 41616 64268
519 46919 45833
520 58515 5588
521 3211 52262
522 47067 14995
523 49079 11725
524 7218 56920
525 16380 38049
526 58904 33705
527 6978 15344
528 62398 43589
529 46482 38244
530 10941 7735
531 61175 15436
532 55807 51198
533 289 27537
534 9702 3174
535 45304 27966
536 14126 6349
537 36118 10469
538 28847 31504
539 50662 37180
540 32240 32169
541 53354 10493
542 48674 65302
543 46903 8581
544 60877 23595
545 60439 39476
546 60053 37698
547 53022 61683
548 15792 36016
549 15402 2829
550 63533 56818
551 61039 51002
552 22374 6588
553 30916 38609
554 38175 9706
555 46540 23476
556 43176 25815
557 51383 9063
558 23455 58053
559 25467 62361
560 2974 37711
561 5678 47811
562 24552 15284
563 10718 1525
564 23178 15539
565 25787 47228
566 5788 5668
567 22831 25566
568 31640 17636
569 46466 44000
570 24356 31143
571 34199 2797
572 46713 26411
573 33561 6761
574 27948 50420
575 60968 3650
576 57398 51125
577 57335 55197
578 42734 16722
579 18195 42686
580 60143 16206
581 6355 60633
582 19786 16327
583 28489 57050
584 37733 3892
585 15774 47333
586 49765 19408
587 54634 38959
588 3235 17700
589 14250 23333
590 55647 53073
591 55524 43040
592 60170 29518
593 36293 8057
594 59032 61375
595 58069 21048
596 25300 32530
597 31366 18387
598 44193 19260
599 64652 57019
600 34823 61330
601 54744 22581
602 41228 62054
603 42437 9576
604 288 42563
605 59347 21077
606 4324 15227
607 187 16385
608 26178 44695
609 43869 7752
610 13535 20033
611 53253 12626
612 27969 21531
613 52723 20577
614 23649 570
615 36709 23828
616 7323 37297
617 55488 17666
618 45777 12157
619 8591 49367
620 33946 23512
621 23622 43361
622 40655 62145
623 38301 40874
624 54978 51317
625 101 18235
626 19866 32808
627 583 21990
628 39421 14429
629 31155 10155
630 60205 48724
631 799 13304
632 36872 34940
633 38402 14708
634 42154 51895
635 32442 49884
636 7920 41281
637 26166 8269
638 48970 56695
639 43443 54673
640 57220 32904
641 26329 50760
642 48743 25029
643 40582 48789
644 48499 37024
645 16986 13196
646 51532 48497
647 38948 63071
648 28435 35631
649 40695 50215
650 12997 25180
651 42945 54689
652 45498 54806
653 20384 5931
654 50443 49478
655 50169 19570
656 7737 38395
657 5775 36781
658 17996 16808
659 28310 8485
660 9588 65042
661 14885 48413
662 49474 13811
663 64574 15025
664 13638 60495
665 23387 17776
666 56495 33885
667 48799 19399
668 8821 60754
669 35033 52997
670 58032 63019
671 55353 1465
672 55105 42881
673 51476 23948
674 10632 2880
675 41975 47107
676 23561 21993
677 14794 59187
678 35059 18962
679 54991 7014
680 37737 6765
681 62926 47110
682 45831 24967
683 33386 5564
684 46570 436
685 32779 28326
686 38000 38899
687 48772 48714
688 7527 53695
689 64691 36684
690 18513 2504
691 21604 24657
692 14572 26390
693 19319 34603
694 21146 31616
695 1258 18205
696 45389 10317
697 21738 21911
698 65101 35143
699 21718 47870
700 17145 7199
701 25080 63468
702 60475 48022
703 63820 36117
704 15772 37231
705 662 22750
706 63774 48013
707 8533 41552
708 4144 10686
709 34558 1252
710 4763 29084
711 461 19497
712 33626 33969
713 38893 52729
714 25246 16525
715 25123 28460
716 11845 7411
717 44647 9646
718 63931 4526
719 16456 8127
720 60269 65262
721 15789 8939
722 50351 11186
723 44579 45114
724 31574 57417
725 29292 4807
726 11957 55797
727 54492 23616
728 40643 40112
729 8967 65265
730 34864 13262
731 31961 15761
732 40464 55647
733 25392 24985
734 46981 62245
735 22623 31275
736 9511 8872
737 38164 9938
738 23758 51403
739 5216 29932
740 4583 7098
741 38529 33503
742 15880 9306
743 8276 62663
744 40965 10907
745 49729 24665
746 53254 40780
747 4664 40593
748 20239 14566
749 852 41509
750 25760 3329
751 35013 49301
752 40283 2301
753 28584 38355
754 23336 18920
755 34695 10100
756 42435 50213
757 60740 43253
758 46338 54756
759 60175 53999
760 16874 20510
761 40299 1452
762 2578 35312
763 19411 5201
764 27697 38340
765 5689 48521
766 60394 14271
767 34506 34320
768 44058 50721
769 57390 50655
770 37808 14062
771 41961 51998
772 386 3356
773 51171 10017
774 28084 51694
775 31811 44955
776 56796 9340
777 34011 12836
778 17580 12828
779 7229 4291
780 56839 24037
781 34613 59580
782 6741 63952
783 12778 22959
784 59712 22764
785 20348 53916
786 64927 64947
787 54461 24020
788 45663 50024
789 45007 52267
790 6381 45916
791 14760 57293
792 3168 44662
793 60169 7349
794 24865 21460
795 16607 49628
796 6909 19433
797 34440 5417
798 60985 32070
799 61240 11888
800 5 4992
801 27877 24647
802 21581 58741
803 40804 6027
804 45760 35577
805 27231 7763
806 59167 32933
807 43495 11397
808 64834 18057
809 32240 37347
810 7139 29455
811 15017 49274
812 39503 46437
813 58090 54335
814 9354 63315
815 3002 10925
816 62985 27808
817 33401 12394
818 20713 15091
819 3342 56012
820 61445 47607
821 23705 39948
822 62840 677
823 20680 11886
824 43032 44081
825 18310 49260
826 25814 24476
827 41634 20267
828 27631 18000
829 53159 59207
830 58499 14641
831 37680 51853
832 44846 42036
833 20430 49824
834 24005 27714
835 12632 59138
836 22684 23548
837 13287 3015
838 2239 9810
839 51130 62981
840 6391 60576
841 38290 45657
842 26676 49254
843 25442 33087
844 3762 60296
845 43064 43665
846 29527 13766
847 37176 6002
848 62031 5264
849 28822 5744
850 30370 9496
851 39979 6033
852 30858 22752
853 31201 32331
854 50237 29081
855 39118 36903
856 21681 8546
857 53738 40993
858 53365 36839
859 33624 32357
860 8198 44275
861 41608 19497
862 32832 18035
863 45852 20416
864 38351 42
865 63511 156
866 4786 2924
867 28078 43811
868 54495 157
869 46874 284
870 59812 53732
871 36656 24610
872 39458 13184
873 50202 36897
874 10829 39248
875 24871 37994
876 51013 35375
877 6239 31918
878 1926 4699
879 14103 3953
880 157 52752
881 31536 11934
882 49037 59897
883 42173 44293
884 12141 44079
885 27383 59245
886 30913 26998
887 17589 63829
888 58484 16634
889 19027 51957
890 50218 6640
891 10548 26877
892 16745 43542
893 6067 23010
894 44202 38741
895 9910 46585
896 40583 36014
897 11187 26190
898 2756 22967
899 11384 291
900 48369 29111
901 7522 46114
902 972 28060
903 43242 39698
904 50350 13664
905 58131 57590
906 1148 49819
907 41472 25880
908 17240 36541
909 39122 40737
910 5526 55130
911 27008 33876
912 55810 60709
913 35454 42722
914 56681 7413
915 51292 49938
916 19381 23547
917 41199 39507
918 38941 57735
919 39446 8532
920 58548 65513
921 25192 36806
922 36320 64195
923 40614 47786
924 29924 8966
925 57626 35893
926 61695 2993
927 50083 43410
928 36839 28638
929 17834 50127
930 50364 52794
931 28975 17217
932 19825 22486
933 2803 52537
934 40699 2575
935 16640 60668
936 54035 30190
937 30990 40848
938 8126 41110
939 31280 47575
940 55029 62201
941 56964 48902
942 9007 43741
943 59833 45412
944 49375 61616
945 58090 19247
946 45556 14101
947 3634 46204
948 13856 38062
949 56808 61276
950 56652 43415
951 41270 8541
952 7893 13608
953 19955 32326
954 2605 35236
955 33315 4271
956 63204 4034
957 64263 49243
958 60106 876
959 16406 35648
960 49065 12600
961 23160 64564
962 11550 56188
963 19664 15948
964 55609 40129
965 29153 11554
966 24811 19948
967 5006 42890
968 35697 44594
969 7990 35767
970 7074 10389
971 43406 55213
972 42030 20328
973 26628 61210
974 15949 61046
975 62911 46777
976 64339 44682
977 18560 63886
978 14970 9025
979 904 3050
980 53975 63115
981 3231 30755
982 40124 40200
983 6624 9844
984 54422 10639
985 52333 46898
986 7542 17995
987 59822 58560
988 26514 43461
989 6106 60007
990 504 45888
991 22985 7435
992 55558 38383
993 13647 8072
994 52734 63574
995 40656 56308
996 53113 33561
997 35211 23170
998 56522 9092
999 40433 21122
1000 31244 9620
1001 14127 25021
1002 55904 49292
1003 12788 28107
1004 47772 63325
1005 55160 53061
1006 11052 23564
1007 49823 48373
1008 40513 3207
1009 4687 51412
1010 51869 44253
1011 55109 15768
1012 59974 28444
1013 49020 7485
1014 35107 21375
1015 15611 30911
1016 44245 10397
1017 34006 40867
1018 18343 50313
1019 5207 24221
1020 65275 28445
1021 2315 63609
1022 14594 37422
1023 53054 3082
1024 42750 41200
1025 24456 23339
1026 4365 30287
1027 40076 32854
1028 18781 46668
1029 56004 29036
1030 37743 55659
1031 60340 3705
1032 30659 32929
1033 44328 25868
1034 44383 64907
1035 12348 26659
1036 52299 32583
1037 25812 7642
1038 46491 24127
1039 7010 49454
1040 63344 3891
1041 60736 1952
1042 53750 45195
1043 12325 49367
1044 13506 36415
1045 63556 32302
1046 22729 4289
1047 16996 30651
1048 23242 48541
1049 34088 22343
1050 48047 13880
1051 48268 53772
1052 40565 39123
1053 22847 32968
1054 61223 55743
1055 41734 19710
1056 5696 31364
1057 6464 65504
1058 60455 4951
1059 55940 27247
1060 36254 54333
1061 39062 27584
1062 477 39916
1063 39688 55050
1064 39084 61509
1065 21971 14584
1066 18529 40144
1067 52067 61215
1068 14682 49322
1069 9182 57461
1070 14293 45207
1071 1571 19322
1072 22647 48181
1073 53335 30279
1074 11839 24737
1075 60328 61187
1076 5799 33416
1077 60759 21355
1078 45666 62885
1079 15071 28179
1080 60876 39689
1081 37397 65254
1082 27181 55806
1083 238 50388
1084 32920 46342
1085 21353 40973
1086 40422 34428
1087 48494 47700
1088 3077 51813
1089 55999 45245
1090 1461 60884
1091 53417 17204
1092 6699 48539
1093 40742 8292
1094 48241 57668
1095 53353 5715
1096 59453 25110
1097 16617 25029
1098 59373 46822
1099 10491 4889
1100 13746 3203
1101 58048 11143
1102 6874 31041
1103 4590 42954
1104 26742 21271
1105 6240 45804
1106 61130 34633
1107 61167 38532
1108 52979 5051
1109 2299 64263
1110 19793 584
1111 36132 30117
1112 8033 31805
1113 7817 4825
1114 30782 587
1115 28090 55858
1116 57617 50261
1117 266 49058
1118 18751 19253
1119 4061 7338
1120 33839 24659
1121 41597 26078
1122 38206 6945
1123 28051 65296
1124 486 48017
1125 10527 53932
1126 39094 61096
1127 62235 39765
1128 25742 59127
1129 16885 7041
1130 62833 5506
1131 62017 29206
1132 32898 35439
1133 32920 30753
1134 52254 12615
1135 25444 15284
1136 8761 35225
1137 36495 26683
1138 19689 22499
1139 9715 44815
1140 23419 43099
1141 17151 46749
1142 1448 37792
1143 16870 46248
1144 828 18932
1145 21623 11935
1146 54398 61170
1147 48337 3420
1148 33558 61079
1149 56940 53846
1150 29502 45194
1151 18172 5908
1152 27019 56132
1153 60167 37924
1154 50060 45746
1155 43393 50657
1156 30097 19695
1157 62885 33418
1158 57405 56021
1159 16085 51746
1160 44114 53271
1161 64355 29041
1162 35852 13320
1163 47691 55378
1164 29393 53593
1165 19871 29037
1166 52133 22051
1167 3230 6388
1168 64076 15781
1169 25013 33537
1170 55266 13780
1171 3521 59919
1172 51828 60241
1173 828 29200
1174 7479 10049
1175 42660 17446
1176 38201 21272
1177 30815 40108
1178 28587 58912
1179 14537 3539
1180 21510 6
1181 50657 63897
1182 58864 29828
1183 17134 45446
1184 29499 44870
1185 60126 25215
1186 25617 59044
1187 56472 15763
1188 64929 31959
1189 10820 4794
1190 1662 63646
1191 52551 12603
1192 21917 64518
1193 12484 40576
1194 46479 47297
1195 14200 3120
1196 21752 7641
1197 30616 51195
1198 30990 46854
1199 1822 43043
1200 46267 36632
1201 49332 20529
1202 56820 64255
1203 32994 14651
1204 51778 57295
1205 45801 7064
1206 57589 12165
1207 20155 22210
1208 24524 29936
1209 1394 21049
1210 51233 16748
1211 7526 3013
1212 61437 5626
1213 64501 37107
1214 47603 59273
1215 16747 56444
1216 64472 5685
1217 65475 58129
1218 25669 47300
1219 39715 21549
1220 25429 64056
1221 62182 20308
1222 64662 32497
1223 10009 24313
1224 15690 35008
1225 46147 43505
1226 40380 63239
1227 4819 47550
1228 19557 21957
1229 43729 50257
1230 43247 32891
1231 5172 1273
1232 3894 65045
1233 22924 51467
1234 27606 2850
1235 43095 12676
1236 34448 17978
1237 61125 7487
1238 51098 35797
1239 20546 41264
1240 15774 46894
1241 54054 26657
1242 34268 45907
1243 56237 11342
1244 58474 905
1245 24381 48129
1246 27670 34273
1247 63549 27176
1248 5209 5819
1249 6472 38748
1250 42555 44571
1251 59242 34507
1252 19392 63566
1253 44320 35181
1254 13312 36152
1255 38082 249
1256 23890 65133
1257 43285 61274
1258 1040 11939
1259 38343 9445
1260 45832 58859
1261 11953 33383
1262 15540 46490
1263 28494 41097
1264 18352 18861
1265 8656 45263
1266 45357 8796
1267 49386 52923
1268 29867 13199
1269 39759 20317
1270 64919 63391
1271 55770 28854
1272 56538 41239
1273 23808 13593
1274 55831 9481
1275 59153 10598
1276 17527 41020
1277 30180 37688
1278 31784 25140
1279 24308 19493
1280 23143 51782
1281 49845 6011
1282 42508 10255
1283 49430 46625
1284 34816 62121
1285 16740 125
1286 4984 21836
1287 13086 58186
1288 31218 63271
1289 38188 49594
1290 15608 11903
1291 53910 20959
1292 29663 34730
1293 13000 28874
1294 53007 61464
1295 62773 17467
1296 65396 9620
1297 8845 539
1298 47577 1335
1299 48175 32261
1300 10939 39589
1301 11249 14679
1302 62504 30465
1303 45606 31254
1304 49044 44629
1305 31322 29664
1306 17451 18108
1307 6710 2392
1308 28102 34140
1309 39190 49328
1310 37871 49362
1311 4525 49111
1312 42672 15354
1313 17624 54315
1314 23879 52609
1315 20161 63723
1316 45854 42040
1317 54638 10803
1318 44127 8946
1319 59615 42649
1320 44469 20593
1321 5663 18399
1322 3141 11060
1323 47116 14818
1324 26234 7529
1325 3510 64890
1326 53457 58883
1327 35595 41564
1328 12760 59690
1329 48200 9374
1330 33653 33417
1331 28953 15923
1332 3529 59034
1333 50082 63340
1334 11244 52274
1335 11678 32336
1336 44866 24342
1337 5040 47172
1338 51845 30228
1339 48388 44929
1340 54263 33441
1341 36143 20772
1342 38070 50266
1343 43238 65121
1344 5812 38986
1345 11883 13901
1346 1625 8502
1347 54456 19684
1348 51602 12115
1349 15982 26155
1350 23350 48694
1351 63196 52139
1352 3449 23411
1353 47299 28542
1354 42187 63296
1355 48448 6773
1356 51743 50374
1357 8514 56828
1358 5984 43602
1359 63793 58076
1360 47520 8147
1361 49437 44275
1362 29529 37261
1363 14011 32728
1364 7856 49505
1365 51005 900
1366 63431 39855
1367 32473 25925
1368 56684 56893
1369 54446 52036
1370 26191 38529
1371 21655 22074
1372 52048 65011
1373 18939 15919
1374 22211 30902
1375 39725 7121
1376 62409 17560
1377 50284 2109
1378 57761 536
1379 63476 48102
1380 5352 39348
1381 9573 27484
1382 13122 48694
1383 5012 30629
1384 57292 20401
1385 27883 55832
1386 63989 11428
1387 37146 9603
1388 5308 1895
1389 24506 34864
1390 27409 26704
1391 39347 20561
1392 7223 17638
1393 11669 62207
1394 6173 42515
1395 45243 3827
1396 12959 58091
1397 56693 20317
1398 58204 19572
1399 34516 1355
1400 16116 38158
1401 59841 4072
1402 52144 12049
1403 14457 65227
1404 59278 30411
1405 41577 35021
1406 61429 53887
1407 24188 15381
1408 16035 57880
1409 8540 53800
1410 50861 13096
1411 38549 41520
1412 19189 47080
1413 14051 48063
1414 55495 30590
1415 44803 11830
1416 5067 8000
1417 28925 54213
1418 148 20530
1419 28978 28356
1420 4642 2472
1421 11609 40752
1422 26204 35117
1423 8737 48933
1424 16748 11428
1425 39990 42007
1426 59337 30679
1427 32789 45976
1428 6068 38630
1429 36502 64740
1430 2168 13076
1431 12876 58801
1432 10756 59311
1433 35222 45892
1434 61255 46888
1435 59918 55434
1436 15902 54164
1437 35929 58594
1438 48366 8800
1439 52589 10552
1440 20730 22055
1441 53082 50306
1442 47584 64110
1443 14337 30668
1444 56790 59452
1445 30831 53793
1446 32112 21878
1447 19381 52377
1448 53781 65170
1449 16395 5538
1450 19595 40334
1451 1962 565
1452 63566 16784
1453 34900 24577
1454 1568 52339
1455 22691 59929
1456 36184 6292
1457 20914 52425
1458 35595 26577
1459 9882 44825
1460 42500 18170
1461 48523 24254
1462 34208 6473
1463 36363 31952
1464 8041 38532
1465 18200 10892
1466 22705 28591
1467 31852 47590
1468 53404 33896
1469 48026 56914
1470 59610 36699
1471 59376 24412
1472 18873 14990
1473 35232 13691
1474 11627 27488
1475 42627 57907
1476 29456 384
1477 5891 60066
1478 1907 64071
1479 26399 11441
1480 59922 9256
1481 24309 39848
1482 34490 31757
1483 29187 54358
1484 45089 61180
1485 21373 894
1486 54416 48894
1487 60015 33348
1488 50134 58632
1489 40193 32596
1490 58782 12456
1491 41818 5001
1492 28197 32155
1493 57339 21191
1494 16907 20684
1495 17015 21695
1496 11424 2908
1497 63218 19699
1498 23338 56549
1499 36536 51091
1500 33811 6635
1501 413 14384
1502 48332 55624
1503 2034 13740
1504 44841 42706
1505 38322 56859
1506 16257 4832
1507 25959 13943
1508 7189 62604
1509 5352 52869
1510 42584 38999
1511 49703 49666
1512 23152 37326
1513 37567 2558
1514 63203 19987
1515 42146 1214
1516 39204 58491
1517 4143 11917
1518 54715 40528
1519 19320 12815
1520 53787 21282
1521 36662 23793
1522 46117 5233
1523 36485 16090
1524 52808 62760
1525 14046 42664
1526 36763 8155
1527 9728 63485
1528 53687 23377
1529 37296 59422
1530 54945 6717
1531 5134 17925
1532 56920 41167
1533 14336 25879
1534 15703 25181
1535 9065 29882
1536 25792 58140
1537 26121 56040
1538 16252 7171
1539 11284 26723
1540 9704 61218
1541 38440 13987
1542 12183 53345
1543 22951 62294
1544 43875 11159
1545 46900 44380
1546 62613 20937
1547 15647 34963
1548 45922 43214
1549 41923 6051
1550 47361 31993
1551 13975 30814
1552 46865 1047
1553 44290 27319
1554 17285 40242
1555 13813 22830
1556 6811 58008
1557 50948 60198
1558 48767 12710
1559 58625 31328
1560 41074 29046
1561 50521 62368
1562 49498 30820
1563 38936 49636
1564 33436 57639
1565 2907 26135
1566 16212 23315
1567 31289 20538
1568 29903 31615
1569 45383 2717
1570 63384 9489
1571 47647 51214
1572 39805 18282
1573 25518 41073
1574 52722 13388
1575 36338 50992
1576 62871 32370
1577 47280 29345
1578 61990 64873
1579 62636 62314
1580 27777 8877
1581 44366 5604
1582 13703 39869
1583 37955 31175
1584 17396 46165
1585 17763 56329
1586 12400 25653
1587 60061 33347
1588 45996 44999
1589 32346 45968
1590 20853 17537
1591 29476 14878
1592 46739 36431
1593 46708 23139
1594 17344 22755
1595 11381 33445
1596 64246 27102
1597 37685 35033
1598 3204 23004
1599 26860 43685
1600 24808 9079
1601 9834 60344
1602 43515 11397
1603 21554 35304
1604 43045 6034
1605 49690 253
1606 21536 21866
1607 3471 16842
1608 31417 36849
1609 13099 54516
1610 21660 62725
1611 13017 3919
1612 301 19757
1613 25959 32670
1614 28070 25780
1615 832 2165
1616 18405 7615
1617 57614 12306
1618 21517 7714
1619 34729 58014
1620 15975 15644
1621 21852 8047
1622 550 44075
1623 2150 48405
1624 25647 62329
1625 35265 59230
1626 56389 29343
1627 9643 38842
1628 58626 5396
1629 42334 4446
1630 16949 3319
1631 64067 38911
1632 29363 40081
1633 56666 36273
1634 5823 44910
1635 60438 35106
1636 39251 58966
1637 46528 45523
1638 4653 28192
1639 52394 17542
1640 23071 32451
1641 65514 50544
1642 24608 21024
1643 8368 11570
1644 27207 28427
1645 22525 33705
1646 18588 32991
1647 45446 64225
1648 12002 8458
1649 10546 729
1650 62322 56470
1651 54515 36715
1652 6476 56993
1653 59055 28535
1654 16435 22333
1655 58662 6190
1656 58932 29865
1657 61838 16040
1658 45078 46134
1659 16906 22271
1660 52647 38801
1661 65327 57859
1662 34938 56199
1663 34907 59163
1664 15879 12053
1665 51346 51993
1666 9805 36266
1667 41684 26410
1668 37303 17114
1669 50183 16919
1670 61555 26686
1671 56369 17308
1672 16842 44764
1673 10221 58258
1674 37325 19606
1675 45371 18535
1676 9777 15585
1677 49511 63300
1678 31029 46956
1679 38681 47127
1680 61053 4547
1681 33573 38264
1682 15100 2235
1683 28547 18990
1684 64507 7828
1685 60743 31022
1686 13582 6133
1687 56788 61501
1688 23693 42919
1689 34312 6645
1690 34773 3087
1691 31414 28145
1692 36151 17515
1693 47676 43209
1694 64598 41217
1695 19178 57683
1696 32765 45253
1697 48692 11021
1698 30261 56599
1699 54537 52424
1700 59040 44748
1701 1698 19329
1702 62848 26236
1703 61901 32533
1704 64904 26246
1705 55277 54381
1706 9999 48015
1707 19442 12843
1708 13940 52420
1709 1535 15883
1710 51740 18111
1711 16637 65333
1712 10611 58881
1713 1727 12130
1714 30593 33133
1715 2828 17408
1716 62625 61280
1717 65080 44687
1718 65339 23551
1719 9888 5646
1720 17411 20949
1721 13582 12064
1722 62111 15514
1723 43866 7165
1724 7354 28061
1725 44149 40208
1726 30430 42364
1727 61279 32508
1728 7761 2581
1729 27380 44712
1730 63094 52016
1731 52968 55131
1732 13064 50997
1733 40801 34066
1734 61593 13002
1735 39648 54124
1736 34983 22250
1737 46988 52973
1738 17699 19711
1739 14180 2561
1740 13116 54270
1741 39853 57213
1742 36774 35610
1743 17100 58553
1744 18118 54326
1745 14808 19733
1746 24954 25551
1747 15595 51728
1748 40774 33294
1749 43067 45884
1750 40631 20819
1751 4233 60429
1752 21358 12569
1753 20165 31060
1754 35604 41311
1755 11814 28356
1756 38397 52919
1757 51988 56888
1758 52889 8175
1759 30246 16882
1760 26420 52859
1761 38686 48176
1762 15399 5929
1763 49232 39855
1764 33218 41364
1765 40183 61808
1766 49541 55758
1767 2707 36609
1768 58088 65144
1769 29767 43655
1770 21841 35059
1771 32698 43203
1772 41359 61165
1773 23935 24162
1774 58756 27335
1775 25781 16311
1776 54727 19897
1777 339 25995
1778 51750 4017
1779 964 55940
1780 28169 52228
1781 6103 29647
1782 16087 9162
1783 19994 2110
1784 23403 49167
1785 21916 21073
1786 1052 37854
1787 30399 48941
1788 41337 33015
1789 53592 58368
1790 47637 5587
1791 22586 9504
1792 61646 45635
1793 35134 60165
1794 25832 4923
1795 416 34292
1796 43104 47742
1797 12826 41259
1798 2225 2066
1799 86 54683
1800 14414 46320
1801 14165 53133
1802 33020 18018
1803 33668 53371
1804 50865 38369
1805 28222 62869
1806 17738 47280
1807 41475 47539
1808 55727 50784
1809 33883 13646
1810 27123 31414
1811 42241 33356
1812 37595 59827
1813 31527 10294
1814 40305 56168
1815 47578 35763
1816 33169 31465
1817 7685 44455
1818 20170 34789
1819 21682 60028
1820 28686 33591
1821 48179 44508
1822 59131 12936
1823 26968 19062
1824 6955 44892
1825 7986 29314
1826 55137 45327
1827 36037 18927
1828 14968 56114
1829 2630 10701
1830 27640 3040
1831 61796 50031
1832 64944 53098
1833 54054 56105
1834 56488 15408
1835 45215 25612
1836 9188 25282
1837 12326 58619
1838 8737 10078
1839 47702 61113
1840 21916 17917
1841 32850 10372
1842 21674 14795
1843 10520 62791
1844 62553 38325
1845 32311 30615
1846 30158 50032
1847 48954 6005
1848 56774 59272
1849 65463 29062
1850 58693 60165
1851 12655 24134
1852 27155 12403
1853 42982 56608
1854 23939 8864
1855 55730 58658
1856 30190 22923
1857 28382 43039
1858 14324 9573
1859 20431 12548
1860 34414 2260
1861 8459 7952
1862 16391 671
1863 61215 47393
1864 19924 33430
1865 28685 37391
1866 52132 10455
1867 30155 48654
1868 10537 49694
1869 28365 36590
1870 64688 50437
1871 9988 4066
1872 13965 11822
1873 62552 49472
1874 57080 58642
1875 20574 64234
1876 35155 40776
1877 13523 44811
1878 7365 50758
1879 38783 44543
1880 45754 8189
1881 36738 17562
1882 22172 13141
1883 6271 8094
1884 50309 33809
1885 28589 54303
1886 17470 21933
1887 1699 40995
1888 24311 10241
1889 63109 36758
1890 25800 7333
1891 1071 36466
1892 11051 35064
1893 40402 16739
1894 39413 49705
1895 26028 39130
1896 14388 47164
1897 21769 17035
1898 63036 10393
1899 8650 13607
1900 58130 58773
1901 35121 35625
1902 6374 37695
1903 12990 19014
1904 48930 1685
1905 27116 11148
1906 20332 10960
1907 801 62001
1908 62228 5952
1909 7872 59697
1910 51065 20170
1911 41938 42608
1912 19051 60449
1913 45729 24319
1914 57606 4837
1915 17939 53496
1916 6218 40730
1917 34371 48864
1918 57775 33378
1919 7925 13299
1920 63818 12699
1921 54283 22319
1922 35508 39770
1923 46002 15087
1924 49970 11202
1925 1046 15747
1926 14124 32534
1927 29604 20330
1928 587 41648
1929 28159 45712
1930 3467 31584
1931 63237 28621
1932 41049 47632
1933 30510 64803
1934 56855 35511
1935 45665 46950
1936 34112 15998
1937 54340 28717
1938 31419 21214
1939 12003 60876
1940 28139 41720
1941 33870 45752
1942 8398 6084
1943 39035 45523
1944 33401 52594
1945 15847 13685
1946 64308 25089
1947 28929 47622
1948 44340 19731
1949 47626 11054
1950 32668 44152
1951 48907 5292
1952 38287 16704
1953 9944 26120
1954 35280 21443
1955 8503 29722
1956 36251 18930
1957 59527 40538
1958 36077 18196
1959 23506 20491
1960 1893 6412
1961 39639 53449
1962 12364 55382
1963 46178 22381
1964 26215 44377
1965 43427 43046
1966 63671 59839
1967 38165 64938
1968 1623 21036
1969 30196 35766
1970 32288 27570
1971 28245 11419
1972 10272 29045
1973 39459 58266
1974 16301 55007
1975 64314 5704
1976 47569 29563
1977 45129 9646
1978 33882 16648
1979 56931 39253
1980 43065 17176
1981 56453 45766
1982 49909 40566
1983 35228 10056
1984 4602 60553
1985 27422 4775
1986 14028 65296
1987 6048 41067
1988 31592 55236
1989 15804 7728
1990 22583 44650
1991 7530 45524
1992 50684 63027
1993 31178 1888
1994 4742 13186
1995 49416 14207
1996 42130 6502
1997 18884 49669
1998 32063 28047
1999 27967 13241
2000 65325 47583
2001 25626 21712
2002 24902 48598
2003 65534 6299
2004 47326 7027
2005 4747 10581
2006 9115 17176
2007 16758 7444
2008 38985 46947
2009 15022 59448
2010 36274 29522
2011 24885 25691
2012 29725 11277
2013 57910 56037
2014 39750 5193
2015 45166 38171
2016 63139 52623
2017 11524 17556
2018 149 4567
2019 1365 13174
2020 33181 40515
2021 20301 3643
2022 5008 43991
2023 2843 12845
2024 11239 43150
2025 27777 52784
2026 15578 24690
2027 13832 57568
2028 8051 16685
2029 3437 24852
2030 59893 62912
2031 55442 5419
2032 20539 46771
2033 19459 2455
2034 46841 35500
2035 35973 10345
2036 48565 7412
2037 48391 7198
2038 41096 19460
2039 29932 6515
2040 53873 18347
2041 2332 9074
2042 49239 28330
2043 743 9659
2044 24992 16946
2045 7450 36628
2046 4271 32281
2047 21031 53046
2048 10371 38507
2049 17033 52251
2050 11710 29793
2051 23494 55303
2052 43295 57689
2053 42539 25633
2054 12322 40444
2055 45972 47470
2056 37473 866
2057 38161 3384
2058 4109 39397
2059 7454 33490
2060 11825 58866
2061 8494 30607
2062 9875 12887
2063 10245 53166
2064 62601 27249
2065 26271 20072
2066 9689 30851
2067 64109 32907
2068 12258 39526
2069 34664 60029
2070 60999 51098
2071 9449 37534
2072 23692 17517
2073 54809 60921
2074 10665 51719
2075 37811 29361
2076 3388 51407
2077 12966 45924
2078 49260 55101
2079 32091 53224
2080 59288 56733
2081 9537 37638
2082 41103 62778
2083 64612 46097
2084 43866 60817
2085 33179 15968
2086 49061 11806
2087 33968 32411
2088 9393 26357
2089 9363 59141
2090 45323 42631
2091 33527 9545
2092 22562 26676
2093 20860 1700
2094 19691 20940
2095 6921 43326
2096 46241 43777
2097 27238 38475
2098 20924 11753
2099 63769 36214
2100 11571 11696
2101 8637 57643
2102 45829 58142
2103 30254 33970
2104 52719 49302
2105 19837 33773
2106 33800 28993
2107 56292 10068
2108 58776 7138
2109 57970 59559
2110 36899 41981
2111 43402 21180
2112 47187 24479
2113 41979 19484
2114 13669 44470
2115 21866 55649
2116 15085 44836
2117 30306 25967
2118 14045 9315
2119 55109 9795
2120 44210 42231
2121 18502 53238
2122 18434 39547
2123 1067 56511
2124 17324 64105
2125 44454 61849
2126 23620 61840
2127 39747 4232
2128 33765 607
2129 43973 52245
2130 57472 44800
2131 36699 46088
2132 9833 45949
2133 55700 2068
2134 53231 61662
2135 29252 59305
2136 47048 58188
2137 29254 23649
2138 27799 5896
2139 64374 58578
2140 21261 37420
2141 54057 62638
2142 12773 7039
2143 28334 7595
2144 52693 61075
2145 22901 33423
2146 56854 43123
2147 57443 38193
2148 32709 60357
2149 55913 63565
2150 58362 10385
2151 13429 25575
2152 33818 31790
2153 16568 57822
2154 45396 37665
2155 52155 24667
2156 61677 8381
2157 37306 43348
2158 33732 50945
2159 56353 49025
2160 59311 34079
2161 11620 2775
2162 3017 7896
2163 45702 38997
2164 50417 62526
2165 48302 40342
2166 63568 43509
2167 33443 2878
2168 43263 7916
2169 48576 33439
2170 64089 42643
2171 31681 44003
2172 47788 16287
2173 20990 3062
2174 2736 29006
2175 31566 62225
2176 45807 7302
2177 14257 20195
2178 38026 19108
2179 35429 24698
2180 35954 11276
2181 4284 43381
2182 59582 51381
2183 19934 60466
2184 27853 10930
2185 35377 60519
2186 31384 16463
2187 1442 25931
2188 28910 50561
2189 51908 36471
2190 49724 25475
2191 9458 34156
2192 31504 39388
2193 41843 51132
2194 58692 40412
2195 20152 54763
2196 7240 59137
2197 1209 28047
2198 7107 61942
2199 39811 42533
2200 1464 33416
2201 28790 17971
2202 28766 34571
2203 58403 56593
2204 40959 52288
2205 61593 24629
2206 1817 32279
2207 7326 25124
2208 60345 37649
2209 52928 49924
2210 33118 40695
2211 57323 33552
2212 24984 41809
2213 27501 28851
2214 20981 33895
2215 22472 38107
2216 34583 48369
2217 9185 12337
2218 17715 44002
2219 21813 5296
2220 58849 12934
2221 44510 63862
2222 47755 26569
2223 57994 61064
2224 8267 17566
2225 4322 37704
2226 55858 35290
2227 10155 60602
2228 14428 40839
2229 41279 17079
2230 8756 46708
2231 6623 31366
2232 37382 21884
2233 61446 37150
2234 27450 5351
2235 28300 9724
2236 45751 42667
2237 56603 22849
2238 53338 10918
2239 20465 47536
2240 13226 64212
2241 12958 27181
2242 55451 29018
2243 13130 49526
2244 364 18467
2245 21330 42497
2246 24790 55267
2247 33608 13549
2248 65478 44393
2249 51893 9484
2250 24939 23421
2251 48901 45507
2252 30914 17659
2253 31814 56732
2254 49012 32050
2255 36221 17341
2256 17998 51020
2257 7714 32350
2258 24946 19516
2259 57821 26760
2260 53203 62767
2261 3190 37657
2262 61899 16129
2263 33704 16991
2264 20246 12445
2265 12457 8242
2266 7914 58536
2267 20612 9676
2268 24942 19298
2269 64146 49021
2270 49306 52362
2271 7650 55805
2272 8929 10620
2273 42602 41662
2274 58366 19588
2275 6317 25842
2276 6712 34331
2277 37137 23801
2278 26405 60433
2279 351 38709
2280 9569 61013
2281 22145 12194
2282 34962 5387
2283 56425 39163
2284 65286 49985
2285 34683 13975
2286 50876 57789
2287 26606 35453
2288 15489 49258
2289 31713 44108
2290 17521 10858
2291 9391 34973
2292 55194 60183
2293 8285 32503
2294 15686 53530
2295 16609 8225
2296 57352 62930
2297 53163 36582
2298 59147 33478
2299 63229 39821
2300 60167 51577
2301 21496 39949
2302 4919 36798
2303 37309 50799
2304 29121 4840
2305 22105 11128
2306 35829 21023
2307 20630 37534
2308 47468 32265
2309 30729 31302
2310 24028 45504
2311 33602 9279
2312 64565 62468
2313 25055 39677
2314 20439 64589
2315 18203 14429
2316 33282 24213
2317 65131 20240
2318 15061 47979
2319 2716 54644
2320 47094 5179
2321 58722 9639
2322 64106 34117
2323 24834 23432
2324 45731 20718
2325 5333 9047
2326 61843 29506
2327 838 37178
2328 24101 18962
2329 49111 15978
2330 25777 32872
2331 13197 43940
2332 27769 25036
2333 40219 23576
2334 52525 59334
2335 43260 56681
2336 39063 27491
2337 47945 20136
2338 40039 37301
2339 47140 38092
2340 45776 1846
2341 20219 19684
2342 45804 59871
2343 62636 17865
2344 65496 59247
2345 28127 57023
2346 42651 35984
2347 11076 27828
2348 48457 50400
2349 49878 8035
2350 61048 35787
2351 21852 33649
2352 4420 48229
2353 42503 8271
2354 37696 28029
2355 45401 58302
2356 23758 38715
2357 46321 22872
2358 59035 3242
2359 34307 44729
2360 21970 35518
2361 37962 19702
2362 11183 54001
2363 59476 37424
2364 55608 50034
2365 2755 38611
2366 45358 65033
2367 23121 31476
2368 37407 39193
2369 3187 13147
2370 35691 55264
2371 39518 54999
2372 41250 49152
2373 62154 29487
2374 59046 58206
2375 229 5937
2376 43798 10595
2377 57773 60091
2378 28787 9274
2379 51994 65523
2380 5493 41681
2381 7514 44830
2382 29848 30629
2383 26872 32870
2384 34450 54932
2385 11496 17729
2386 51260 47980
2387 47446 33870
2388 13973 48017
2389 56073 13222
2390 32824 61144
2391 13474 3111
2392 33123 2582
2393 18937 20847
2394 16004 4111
2395 20685 28238
2396 11449 60377
2397 13853 36899
2398 2959 59207
2399 54851 18079
2400 23651 15578
2401 48774 13787
2402 14597 8585
2403 34046 23584
2404 16080 44569
2405 26792 54204
2406 38432 21502
2407 9541 12091
2408 42037 58536
2409 61804 50903
2410 1591 51454
2411 27537 30478
2412 64961 25441
2413 25888 65257
2414 4585 40334
2415 32294 19957
2416 56293 57198
2417 54657 16189
2418 32679 25419
2419 43696 4029
2420 45825 2540
2421 38232 2747
2422 47146 33191
2423 47600 25161
2424 6018 400
2425 12923 62335
2426 33841 9563
2427 45946 56134
2428 46256 47409
2429 32197 11281
2430 60430 48868
2431 38314 26426
2432 29522 26475
2433 35449 33239
2434 48951 4453
2435 25712 27359
2436 50496 7735
2437 34014 25508
2438 27534 11531
2439 41502 24487
2440 2362 34965
2441 4099 49849
2442 1593 43530
2443 3461 39994
2444 29128 36065
2445 29340 62126
2446 30333 26801
2447 47571 17420
2448 55338 22283
2449 50220 12905
2450 5653 50504
2451 31205 27123
2452 15783 4895
2453 8972 15279
2454 30414 19028
2455 35234 7459
2456 57575 35568
2457 33326 24499
2458 27848 10673
2459 19572 34798
2460 7553 8334
2461 53560 23209
2462 13186 61082
2463 22795 20655
2464 25394 23936
2465 26413 48194
2466 7432 48598
2467 62260 61221
2468 41257 8881
2469 32215 2522
2470 35724 43234
2471 3900 55910
2472 25834 19674
2473 47552 23743
2474 21217 44381
2475 17813 51506
2476 4318 58729
2477 60273 54732
2478 56386 30098
2479 18116 43207
2480 55113 38401
2481 47795 42824
2482 62677 41114
2483 16564 32370
2484 21152 4914
2485 14737 23
2486 34421 26729
2487 9830 46677
2488 32596 62637
2489 23168 17535
2490 48808 4452
2491 48082 59884
2492 26105 46868
2493 27930 14583
2494 48616 48196
2495 62833 56763
2496 1914 26521
2497 16480 12754
2498 22690 42312
2499 34458 2631
2500 26894 57894
2501 16664 61570
2502 57374 63606
2503 17061 26082
2504 32604 17772
2505 47135 6748
2506 28863 47565
2507 52050 21951
2508 34002 35641
2509 9322 31082
2510 44032 57452
2511 1362 13573
2512 24660 39926
2513 3720 43153
2514 2765 12384
2515 15803 41367
2516 45446 14004
2517 47223 51298
2518 60705 24590
2519 34403 1970
2520 39316 19528
2521 42677 16439
2522 42223 33601
2523 65000 44398
2524 16845 33446
2525 60067 49105
2526 53326 12329
2527 14236 3917
2528 33155 47789
2529 4684 25916
2530 36269 14167
2531 18132 43931
2532 20240 41994
2533 30137 18951
2534 25637 44991
2535 57976 34063
2536 54221 43112
2537 57111 32530
2538 11854 8196
2539 56395 18152
2540 44541 9653
2541 42573 29144
2542 40122 15711
2543 6540 39085
2544 11489 10097
2545 61145 33572
2546 15715 8834
2547 55558 31266
2548 31955 8204
2549 62624 36365
2550 43128 32162
2551 64960 33978
2552 52671 33022
2553 8582 20885
2554 53677 23006
2555 36467 1039
2556 4587 27667
2557 44702 12462
2558 15195 37675
2559 32202 51110
2560 929 61334
2561 58135 18072
2562 10108 3168
2563 56481 8533
2564 26611 41067
2565 65259 48729
2566 497 51214
2567 18656 54723
2568 40839 21923
2569 3567 22377
2570 49048 60921
2571 56562 40967
2572 55339 21667
2573 57437 25232
2574 44762 4507
2575 16771 28106
2576 28256 43543
2577 36525 54511
2578 20895 45277
2579 64396 14503
2580 37653 9625
2581 49765 2504
2582 44298 56371
2583 7953 28354
2584 53540 45398
2585 39507 25213
2586 6168 14710
2587 8960 43147
2588 13862 62050
2589 7899 35507
2590 2043 29302
2591 65071 10291
2592 2639 44730
2593 47845 48000
2594 62738 46793
2595 40714 54559
2596 34864 48419
2597 19921 37312
2598 23457 11786
2599 53538 53205
2600 63478 35895
2601 23383 42014
2602 32964 49184
2603 9950 33333
2604 10067 13434
2605 41129 12868
2606 44104 22128
2607 1840 37251
2608 13626 40711
2609 42535 12613
2610 54877 62290
2611 9974 47794
2612 36531 24441
2613 11563 18452
2614 31738 44951
2615 13002 5113
2616 33064 34303
2617 22614 14450
2618 22167 6226
2619 19489 63056
2620 26433 2124
2621 8213 9496
2622 33863 27644
2623 31274 32050
2624 24364 64867
2625 47966 50731
2626 26237 38687
2627 54505 3743
2628 16109 39260
2629 22755 51984
2630 19967 6148
2631 45046 12501
2632 21916 10473
2633 91 1932
2634 17249 62337
2635 13943 61401
2636 15084 31385
2637 23683 18857
2638 20076 41659
2639 64374 17422
2640 55601 16354
2641 31595 31099
2642 42946 205
2643 603 60269
2644 38417 45448
2645 52797 50722
2646 6207 10088
2647 65132 47360
2648 47476 220
2649 23468 50632
2650 16287 10193
2651 21764 34862
2652 48776 34995
2653 44216 46421
2654 38266 61373
2655 33711 52712
2656 36064 10031
2657 6875 31528
2658 18769 31332
2659 16868 12101
2660 9233 20800
2661 50824 38270
2662 62490 16544
2663 65298 64631
2664 23574 15913
2665 41867 15546
2666 25299 18422
2667 18493 23134
2668 37416 31815
2669 26264 35187
2670 62188 27005
2671 30472 11841
2672 9112 43368
2673 16852 47020
2674 61349 11175
2675 9959 56761
2676 9385 55761
2677 51417 23569
2678 9453 26672
2679 56543 45556
2680 19462 26092
2681 24921 17434
2682 17418 36075
2683 6010 35273
2684 47923 3954
2685 61976 19026
2686 50413 63319
2687 16712 9420
2688 58070 47576
2689 9422 31806
2690 32403 50304
2691 38855 62047
2692 41173 46931
2693 33001 64002
2694 7607 57940
2695 44040 57702
2696 13460 45284
2697 16490 25392
2698 38587 6393
2699 30323 13640
2700 55902 36095
2701 16431 41985
2702 15814 48198
2703 63592 28298
2704 53482 31018
2705 2254 61194
2706 19037 41836
2707 35677 54329
2708 17494 20743
2709 40112 27315
2710 51828 53204
2711 30804 51056
2712 41304 46032
2713 6623 4468
2714 58465 44831
2715 46597 17147
2716 3447 53050
2717 53113 7099
2718 21842 49843
2719 8000 7300
2720 12129 31783
2721 13643 3714
2722 3698 64860
2723 7995 23751
2724 43718 26563
2725 45474 5067
2726 34369 33262
2727 52526 29788
2728 42049 10919
2729 43029 47258
2730 21686 1052
2731 45699 55291
2732 45435 56728
2733 37164 18952
2734 20792 48567
2735 44244 51542
2736 56299 47261
2737 37767 48212
2738 51428 21781
2739 3652 6072
2740 65232 42765
2741 10959 26649
2742 48460 19458
2743 36623 64884
2744 56378 15619
2745 26468 1339
2746 64321 58108
2747 41109 47044
2748 15524 31130
2749 195 55972
2750 65426 65466
2751 31732 57614
2752 58146 63331
2753 65124 12014
2754 6889 8125
2755 21808 58582
2756 62173 26967
2757 39581 34981
2758 1070 45400
2759 54986 20026
2760 43634 13789
2761 52061 39282
2762 57110 32449
2763 48765 12370
2764 48262 64139
2765 60732 11529
2766 25371 18250
2767 12131 44490
2768 58052 13213
2769 32140 6017
2770 11018 40822
2771 27896 2447
2772 58463 53873
2773 26788 5224
2774 30791 45442
2775 48268 13875
2776 61267 24039
2777 61220 56984
2778 39334 40019
2779 48802 21929
2780 48960 51441
2781 8032 8674
2782 2510 16526
2783 28202 47918
2784 27919 22589
2785 33866 50678
2786 6936 38386
2787 47582 65240
2788 48574 52243
2789 30528 6749
2790 64721 55114
2791 5240 33156
2792 35947 34755
2793 10890 701
2794 59583 63716
2795 31899 42130
2796 60628 52713
2797 43212 25516
2798 12313 57623
2799 33927 10119
2800 2514 2121
2801 26794 32987
2802 4362 4184
2803 25810 64889
2804 8078 57840
2805 42877 9130
2806 29994 56564
2807 18186 64405
2808 1410 34935
2809 48778 18458
2810 61572 26664
2811 47299 27738
2812 8061 60649
2813 27391 25615
2814 46322 36996
2815 1257 56885
2816 38161 54033
2817 63551 11990
2818 34929 51295
2819 33110 7225
2820 49175 49078
2821 39752 53959
2822 63552 18159
2823 46319 45972
2824 42257 32218
2825 25704 56627
2826 17272 13644
2827 21739 23449
2828 15286 44455
2829 57567 39187
2830 18952 23797
2831 31705 54070
2832 9718 55048
2833 4408 12048
2834 13742 40599
2835 20659 56707
2836 30309 20502
2837 47525 18463
2838 14047 37367
2839 60590 51694
2840 2336 13028
2841 45366 53658
2842 56211 44173
2843 215 26974
2844 7798 4149
2845 33810 31344
2846 50066 36827
2847 13132 5758
2848 3103 64939
2849 47088 19883
2850 29798 33778
2851 5327 28184
2852 45735 50078
2853 17159 6032
2854 32146 16817
2855 46963 4984
2856 59057 58440
2857 26329 42129
2858 24526 60098
2859 63497 18988
2860 45048 51350
2861 58494 37477
2862 34325 28726
2863 15936 57751
2864 64031 49212
2865 48021 48912
2866 30473 16617
2867 42207 18331
2868 64445 59365
2869 62400 153
2870 7967 9289
2871 33942 41520
2872 8369 9960
2873 6122 63490
2874 33364 4877
2875 1483 38841
2876 41755 45385
2877 6540 7274
2878 56122 22529
2879 37449 33420
2880 1115 49058
2881 8467 53108
2882 30958 59531
2883 34368 23207
2884 62280 23682
2885 59402 7869
2886 22671 7448
2887 10366 65084
2888 23766 38639
2889 2431 64642
2890 52915 56726
2891 24585 24497
2892 53970 2347
2893 39460 50350
2894 13647 27267
2895 1187 17928
2896 58903 41711
2897 42818 39768
2898 19622 65216
2899 28062 43587
2900 17301 59669
2901 61064 15524
2902 50408 4402
2903 35514 11040
2904 59971 41203
2905 47644 10633
2906 5284 7059
2907 4243 38243
2908 59835 34911
2909 23716 17943
2910 45326 13283
2911 9871 34613
2912 37762 28874
2913 56970 2672
2914 43762 55802
2915 6865 6386
2916 30401 40771
2917 30204 59176
2918 16055 7944
2919 10509 64664
2920 15175 43520
2921 30391 24459
2922 46050 38834
2923 9448 10214
2924 16642 7140
2925 29689 27656
2926 24821 11055
2927 46181 14983
2928 34394 45640
2929 31517 58165
2930 14812 7576
2931 49213 53283
2932 16399 5297
2933 3840 18016
2934 26032 57292
2935 25223 2698
2936 64329 21714
2937 62160 45781
2938 55603 3058
2939 51235 55465
2940 48774 49066
2941 49391 60463
2942 34781 9882
2943 62153 27533
2944 44758 33648
2945 21933 24374
2946 39604 46881
2947 14768 22559
2948 19448 2829
2949 31142 30730
2950 19893 1876
2951 55462 8594
2952 39062 45599
2953 32285 560
2954 12690 52464
2955 19215 18451
2956 45076 54028
2957 3484 1918
2958 40157 34643
2959 3955 20729
2960 18247 63255
2961 5295 28221
2962 42797 21860
2963 16219 47409
2964 37789 14871
2965 50759 2522
2966 48837 49038
2967 50220 35959
2968 22170 26041
2969 6908 63734
2970 39095 37454
2971 47206 37770
2972 30057 4002
2973 17107 56072
2974 40500 51451
2975 64798 24759
2976 13114 14782
2977 8106 64582
2978 16486 8931
2979 56578 20781
2980 12971 36155
2981 22608 37532
2982 51628 43704
2983 40269 49634
2984 725 13223
2985 15758 13446
2986 24855 34884
2987 59617 52512
2988 57449 14768
2989 21796 64917
2990 34689 30881
2991 26912 31082
2992 62193 37369
2993 33321 34780
2994 49421 44272
2995 58804 6522
2996 39431 21206
2997 51910 8794
2998 24298 27559
2999 44164 24384
3000 55581 14684
3001 31689 3926
3002 27223 1762
3003 21556 65033
3004 37216 13235
3005 1545 41378
3006 13107 45383
3007 1392 36496
3008 65187 26670
3009 44050 58734
3010 32534 58486
3011 23609 15145
3012 29047 1088
3013 58523 10647
3014 21214 55388
3015 12499 7268
3016 27757 43323
3017 1040 36878
3018 18809 55387
3019 19127 16948
3020 42129 4970
3021 5670 27491
3022 35549 1756
3023 56406 6423
3024 11248 32951
3025 62979 42722
3026 53810 37756
3027 29144 27048
3028 13798 40744
3029 61976 21354
3030 10502 13705
3031 55880 14175
3032 8829 41766
3033 40706 16133
3034 1628 42057
3035 21856 1656
3036 27440 34863
3037 42931 2058
3038 19096 29468
3039 25828 11901
3040 37829 1774
3041 51891 9888
3042 23891 35712
3043 25715 11813
3044 16346 50468
3045 27691 58083
3046 36551 41871
3047 65401 60660
3048 58100 9186
3049 16189 52157
3050 45436 21599
3051 65062 54024
3052 23935 34432
3053 39595 19684
3054 24501 55430
3055 19434 55198
3056 16026 23204
3057 54700 40519
3058 36124 4542
3059 34839 63649
3060 47682 56767
3061 16550 20237
3062 39411 16662
3063 57151 18360
3064 6666 58990
3065 2359 29117
3066 3336 49206
3067 38837 20511
3068 39865 65501
3069 35102 19724
3070 48003 51629
3071 9037 47221
3072 13597 16789
3073 53960 10840
3074 35746 57970
3075 4601 49038
3076 41335 51088
3077 15831 9502
3078 9805 17958
3079 63697 34491
3080 40038 41624
3081 49968 24936
3082 56262 61854
3083 34539 14169
3084 23735 4627
3085 44911 5245
3086 37777 59473
3087 62550 44721
3088 44190 64318
3089 47583 12779
3090 48065 1347
3091 39598 40746
3092 14412 12745
3093 44570 4110
3094 14371 34701
3095 49935 34747
3096 5953 27084
3097 6918 13390
3098 61541 14082
3099 58666 60516
3100 37596 17658
3101 45410 2239
3102 63539 59888
3103 61144 9104
3104 30623 31138
3105 61245 40866
3106 1501 50868
3107 60937 641
3108 52995 30059
3109 46673 22392
3110 55296 34321
3111 21118 51601
3112 60140 29982
3113 10619 51211
3114 13025 52034
3115 39860 15022
3116 54102 21
3117 52009 22333
3118 4084 55540
3119 3449 29030
3120 23779 39261
3121 8099 9149
3122 41828 47030
3123 28013 36277
3124 59981 57639
3125 38589 61348
3126 41701 24945
3127 30762 10526
3128 52455 45087
3129 6420 16906
3130 8099 50982
3131 58137 23165
3132 27822 44279
3133 16296 39338
3134 64053 44113
3135 44638 46164
3136 17411 26943
3137 11571 61581
3138 60261 30965
3139 44488 59362
3140 43134 58930
3141 24493 36522
3142 16747 38284
3143 58213 13016
3144 5839 295
3145 44735 24037
3146 1159 4550
3147 22538 19836
3148 18892 18069
3149 57983 47195
3150 55071 28743
3151 64826 56206
3152 9089 8649
3153 56796 52281
3154 14471 48297
3155 50616 45264
3156 54166 20349
3157 19631 42922
3158 51633 9822
3159 58864 43414
3160 57157 44835
3161 19318 54271
3162 8105 16531
3163 23918 47761
3164 62208 57104
3165 16503 61065
3166 59379 65048
3167 46491 26796
3168 35675 30151
3169 11826 40255
3170 38725 28759
3171 39755 2464
3172 25238 45480
3173 61181 53562
3174 18183 43145
3175 51122 59728
3176 1240 1534
3177 37364 7092
3178 32760 42810
3179 39093 20131
3180 14128 17055
3181 41863 16014
3182 18847 53032
3183 23795 9866
3184 9321 13750
3185 3001 7053
3186 6752 21035
3187 26194 42270
3188 19071 60057
3189 55144 28583
3190 60271 16136
3191 7279 19358
3192 47635 34436
3193 54785 60134
3194 27039 58511
3195 58710 30391
3196 34222 45850
3197 22122 29465
3198 24096 38766
3199 27910 38171
3200 9350 13079
3201 25633 34891
3202 38392 23987
3203 21194 3209
3204 9717 17664
3205 56811 40981
3206 64069 55070
3207 25913 52893
3208 52696 5493
3209 37118 20160
3210 28142 59298
3211 11643 35706
3212 35493 30590
3213 19217 1313
3214 18285 4285
3215 47970 34486
3216 34791 45240
3217 6064 9285
3218 14117 61324
3219 7369 2769
3220 43810 2574
3221 16564 54990
3222 35988 28962
3223 15241 8583
3224 25699 23401
3225 37164 42320
3226 44603 32067
3227 2624 57952
3228 30170 31446
3229 63055 21287
3230 43380 51293
3231 42624 28107
3232 41333 12449
3233 17667 46623
3234 32280 40993
3235 79 61652
3236 24255 9658
3237 59335 38136
3238 11474 10439
3239 691 20906
3240 35348 49194
3241 33958 61859
3242 61048 22879
3243 63569 15746
3244 38244 45827
3245 4367 27467
3246 2228 27438
3247 46809 53797
3248 28197 20442
3249 22788 36373
3250 8795 17497
3251 33839 61443
3252 49073 43737
3253 27672 57422
3254 63664 22633
3255 51538 1801
3256 20980 27520
3257 20708 44659
3258 7231 38536
3259 53061 42162
3260 51565 36019
3261 25443 8455
3262 41459 32522
3263 8574 51953
3264 23414 54849
3265 14689 5624
3266 64710 57648
3267 57481 50743
3268 34226 21338
3269 19482 62179
3270 39920 13038
3271 15168 16782
3272 20010 54304
3273 45232 2016
3274 26145 11242
3275 58445 3924
3276 38351 20744
3277 46643 25808
3278 6682 41063
3279 3134 3000
3280 62044 51073
3281 22683 12104
3282 8256 10204
3283 60064 39959
3284 10432 52114
3285 7675 30041
3286 43724 46118
3287 18511 19020
3288 63847 19176
3289 65168 27422
3290 21617 16023
3291 28898 38924
3292 21677 7177
3293 52263 51938
3294 7495 12033
3295 52362 51305
3296 14551 29660
3297 19453 54372
3298 37619 57881
3299 54260 8658
3300 46399 34365
3301 14245 26811
3302 48008 4584
3303 4623 46216
3304 33160 33112
3305 51702 40836
3306 55716 38072
3307 8849 10701
3308 61110 2001
3309 23300 17705
3310 53132 36121
3311 2212 56263
3312 45172 60465
3313 59441 952
3314 51746 21338
3315 47536 54752
3316 11881 41866
3317 52161 2659
3318 56016 24245
3319 18732 32414
3320 36233 62348
3321 17115 28101
3322 23681 22356
3323 14166 53897
3324 4200 61926
3325 21503 12609
3326 57908 48115
3327 61034 13395
3328 55350 31548
3329 17693 60186
3330 48499 23466
3331 29243 42681
3332 63420 8422
3333 13574 36002
3334 21393 56989
3335 46479 29288
3336 53169 43505
3337 1082 62806
3338 61307 65506
3339 10745 1832
3340 59915 44275
3341 17064 36871
3342 16383 20169
3343 48384 16849
3344 31766 12622
3345 42767 54953
3346 64724 24273
3347 41446 35611
3348 55666 5800
3349 2367 50407
3350 10486 56106
3351 10508 13706
3352 44187 41212
3353 8435 1101
3354 17130 23974
3355 8288 46398
3356 47130 25194
3357 28646 10364
3358 22516 19355
3359 21102 3041
3360 3510 60007
3361 3162 26253
3362 29836 17408
3363 10661 57824
3364 25305 327
3365 4719 48715
3366 21890 15900
3367 28677 51645
3368 37890 35192
3369 40146 5177
3370 16722 26054
3371 53177 23110
3372 2436 12389
3373 15192 55802
3374 27063 25455
3375 17883 14957
3376 47665 38334
3377 11375 58150
3378 18577 4099
3379 14050 50204
3380 15668 65336
3381 13677 10996
3382 63413 43921
3383 7037 14276
3384 48048 1591
3385 18789 12490
3386 46294 61984
3387 60978 64403
3388 28721 1125
3389 31077 62911
3390 2664 36624
3391 36931 2059
3392 13221 64204
3393 12677 42438
3394 2922 38300
3395 18402 23711
3396 5007 15495
3397 1038 48251
3398 28057 22487
3399 34632 3294
3400 8774 56749
3401 40275 43423
3402 28309 1513
3403 50690 26848
3404 7395 31905
3405 43099 5787
3406 28309 40133
3407 33013 1136
3408 15725 36199
3409 17652 4518
3410 37846 47541
3411 5991 7036
3412 20712 25154
3413 57836 50339
3414 49211 10599
3415 17272 59406
3416 21836 21296
3417 38908 9699
3418 32792 49849
3419 63244 18365
3420 8599 12756
3421 49220 55000
3422 32537 35360
3423 37882 20642
3424 51967 15489
3425 24044 46823
3426 52456 47343
3427 17015 63502
3428 61231 33329
3429 45826 13025
3430 54400 11091
3431 51403 19122
3432 7133 41012
3433 64447 29270
3434 56712 30407
3435 47821 27822
3436 40207 41272
3437 52106 34013
3438 22641 48076
3439 11986 8500
3440 29919 22754
3441 3117 42245
3442 24026 46932
3443 12223 5214
3444 278 24553
3445 13577 38371
3446 18543 479
3447 6168 27673
3448 27975 58113
3449 34049 50287
3450 21186 49911
3451 63267 12901
3452 5648 49522
3453 23248 31023
3454 28094 22966
3455 1739 6067
3456 660 2782
3457 43716 19038
3458 38312 31410
3459 26522 50471
3460 18710 16192
3461 51968 63569
3462 61657 16314
3463 16082 42880
3464 24701 61947
3465 64468 39886
3466 20422 63816
3467 30972 27342
3468 16468 50338
3469 18085 3795
3470 24977 51650
3471 14907 60022
3472 16053 43853
3473 587 43093
3474 25814 21653
3475 56658 51119
3476 59094 48797
3477 29319 1144
3478 18439 60976
3479 5983 23812
3480 4801 50038
3481 28244 33203
3482 11080 16055
3483 22651 63049
3484 40935 22448
3485 17406 63751
3486 31425 17831
3487 2278 32448
3488 41205 39737
3489 3555 31879
3490 15197 38265
3491 21372 52127
3492 18622 37001
3493 41810 38781
3494 52457 33022
3495 2711 5150
3496 24723 57185
3497 4434 12192
3498 51469 22548
3499 64806 28127
3500 33176 54867
3501 51758 11917
3502 59109 6582
3503 31544 23485
3504 17179 38871
3505 44215 9889
3506 57441 4065
3507 11936 29978
3508 29755 54274
3509 54398 20819
3510 26812 39606
3511 50221 50167
3512 25797 62241
3513 24023 30044
3514 13140 22676
3515 39073 9438
3516 47444 55093
3517 5117 26970
3518 58799 21450
3519 1041 21069
3520 25663 63821
3521 4699 49053
3522 64783 11687
3523 44508 318
3524 34285 8046
3525 22791 60442
3526 60813 13481
3527 11681 41055
3528 2405 61738
3529 37894 4902
3530 192 8659
3531 45267 28504
3532 3465 24802
3533 46351 42338
3534 43331 34975
3535 12987 47521
3536 64453 29460
3537 7312 43300
3538 14257 37434
3539 29945 57550
3540 58902 13699
3541 24929 61194
3542 56892 21970
3543 5246 57970
3544 49134 57474
3545 23543 63756
3546 29522 65298
3547 64113 32765
3548 46297 54665
3549 24144 15752
3550 32333 50638
3551 40703 41898
3552 36345 61873
3553 53326 65184
3554 20901 37260
3555 62467 25937
3556 23048 57044
3557 54482 46710
3558 38044 45808
3559 63721 30405
3560 13392 57868
3561 51099 34438
3562 18310 36804
3563 30631 21885
3564 46884 4660
3565 31169 32905
3566 45478 37053
3567 18 13103
3568 12224 11997
3569 11541 480
3570 23333 29726
3571 41902 45163
3572 63061 28012
3573 15933 48402
3574 44659 15580
3575 36587 35154
3576 28961 19623
3577 52759 38348
3578 16918 43880
3579 43537 56387
3580 36165 50340
3581 4094 62392
3582 6487 13072
3583 12427 7048
3584 56253 47598
3585 29768 1634
3586 50305 44356
3587 27959 8369
3588 23896 61400
3589 14014 50412
3590 63037 53241
3591 24308 57012
3592 33441 54626
3593 18268 55519
3594 65308 23186
3595 28599 29129
3596 15521 58949
3597 63356 24485
3598 13788 18885
3599 56431 57410
3600 35402 15723
3601 27212 41286
3602 17206 45884
3603 27896 47867
3604 38506 50963
3605 53061 41926
3606 1156 61711
3607 65475 35640
3608 62484 42561
3609 19932 2332
3610 6077 5477
3611 12072 53792
3612 48874 34094
3613 43226 55559
3614 9005 32589
3615 49855 53209
3616 1272 22451
3617 47218 58761
3618 28480 10431
3619 33235 32633
3620 51004 43704
3621 25255 39526
3622 61428 35350
3623 23611 55595
3624 51476 18603
3625 41245 39243
3626 20380 62614
3627 23566 2466
3628 5905 56112
3629 688 42513
3630 51464 20741
3631 63667 29718
3632 51810 27050
3633 13322 15078
3634 48208 52042
3635 17913 24924
3636 59467 65498
3637 19247 60612
3638 63307 60642
3639 64535 15120
3640 29174 17686
3641 60826 17737
3642 53242 39807
3643 5980 9544
3644 28705 25832
3645 29128 9208
3646 21466 52173
3647 62372 13142
3648 55484 28166
3649 4829 42178
3650 13880 34254
3651 41302 52307
3652 25378 39972
3653 60398 62211
3654 35450 59716
3655 20128 16432
3656 2517 47147
3657 6335 51113
3658 49277 10152
3659 2527 25724
3660 27119 64541
3661 2169 57155
3662 4676 27493
3663 22258 32606
3664 49693 46884
3665 35938 10234
3666 21439 21898
3667 4628 51220
3668 37199 39092
3669 18916 22817
3670 56967 30253
3671 49106 8699
3672 43760 40873
3673 2766 48366
3674 59267 62174
3675 48474 7506
3676 8483 366
3677 40249 5777
3678 21087 26963
3679 1067 64349
3680 55087 62545
3681 52955 49665
3682 37710 3230
3683 27499 24374
3684 58023 21659
3685 50539 12433
3686 53608 19241
3687 34979 1584
3688 3678 64948
3689 49033 29347
3690 41157 31650
3691 14708 5782
3692 52897 30779
3693 46813 9098
3694 27224 16433
3695 9419 14163
3696 796 31084
3697 47960 31982
3698 14741 10806
3699 54308 2387
3700 6805 41563
3701 58194 14643
3702 14123 27014
3703 22331 18582
3704 12226 13074
3705 20531 15061
3706 11860 57679
3707 55137 5317
3708 33371 16771
3709 56111 57679
3710 44979 58952
3711 51263 23980
3712 31533 411
3713 33398 43007
3714 54584 52782
3715 11449 33460
3716 23419 18005
3717 38165 47549
3718 8598 36814
3719 17630 46705
3720 1918 51340
3721 41964 247
3722 57534 7081
3723 56808 205
3724 55402 33991
3725 33934 22618
3726 2758 25697
3727 16047 24141
3728 50 30282
3729 17875 47572
3730 23971 45593
3731 26003 14401
3732 43306 56060
3733 26910 62573
3734 23557 49434
3735 29695 46955
3736 23306 51382
3737 6100 56230
3738 40547 4257
3739 6623 34055
3740 16987 43826
3741 22178 42116
3742 10082 15848
3743 61829 58224
3744 46975 46509
3745 15857 8687
3746 2288 60056
3747 5333 6561
3748 16548 64006
3749 17508 21377
3750 26738 25928
3751 62114 34009
3752 20072 45968
3753 43448 14808
3754 7263 57456
3755 60510 21964
3756 47221 38197
3757 59405 16069
3758 59467 33851
3759 15028 36287
3760 22475 39116
3761 18694 34788
3762 63135 35613
3763 31390 4154
3764 37034 32377
3765 53085 49884
3766 6921 61846
3767 14462 42716
3768 52471 50757
3769 19370 54395
3770 41202 38210
3771 3741 14803
3772 45859 59847
3773 61444 976
3774 58321 12289
3775 25659 56110
3776 54060 14704
3777 6013 1742
3778 45970 61525
3779 31353 32098
3780 27045 42225
3781 38765 40903
3782 1735 4176
3783 46779 22716
3784 16748 273
3785 47641 61113
3786 25252 57526
3787 28126 6175
3788 26066 61063
3789 28282 62030
3790 1392 18064
3791 15177 30277
3792 36771 51193
3793 58680 10458
3794 4224 12089
3795 24055 64344
3796 10217 32353
3797 3432 41189
3798 34941 41722
3799 49164 28631
3800 46861 2568
3801 49021 13575
3802 8953 18737
3803 44349 48559
3804 2982 50490
3805 5097 25467
3806 23759 16214
3807 31331 56371
3808 7032 13043
3809 63404 23039
3810 17392 53589
3811 4900 515
3812 14158 34442
3813 15155 22825
3814 33089 41285
3815 3712 50113
3816 34798 65202
3817 2791 39992
3818 50718 14279
3819 45219 46481
3820 22476 18739
3821 26329 36161
3822 2949 66
3823 64358 23907
3824 30686 38981
3825 43804 16754
3826 34521 27076
3827 5253 17193
3828 26875 12695
3829 54442 47149
3830 64863 16438
3831 25300 46223
3832 29390 64589
3833 14058 36174
3834 3627 25499
3835 19184 64003
3836 42642 61345
3837 63173 9602
3838 53714 14991
3839 43762 38578
3840 53686 37758
3841 1971 6877
3842 43615 56588
3843 59231 21339
3844 59686 10353
3845 38326 60778
3846 17363 27101
3847 46215 15553
3848 55852 9946
3849 63819 60447
3850 28807 22594
3851 55547 29881
3852 34633 22778
3853 17435 2652
3854 48052 20226
3855 60041 49620
3856 37843 23385
3857 42370 9079
3858 41983 42219
3859 45127 41249
3860 61448 34492
3861 35049 56465
3862 52299 3048
3863 32062 38309
3864 39176 14029
3865 42737 52663
3866 43808 25006
3867 58162 28236
3868 50862 17965
3869 54560 43802
3870 7542 18666
3871 56841 40018
3872 36910 1801
3873 33348 12908
3874 59368 53167
3875 39584 2529
3876 29392 57090
3877 22880 62827
3878 7916 29005
3879 32141 14549
3880 15092 45926
3881 42306 63806
3882 41542 27933
3883 11443 59008
3884 43530 5587
3885 62041 47276
3886 13196 52764
3887 19760 1368
3888 8775 20124
3889 38409 16379
3890 58668 13469
3891 58983 65150
3892 31852 42875
3893 29850 27161
3894 56451 42995
3895 38161 43742
3896 24853 11410
3897 24035 51500
3898 8819 45151
3899 15758 27671
3900 2443 63068
3901 46399 29381
3902 18205 11642
3903 50631 20980
3904 33624 61740
3905 53837 24672
3906 12182 61579
3907 34371 26073
3908 57917 44153
3909 43727 13925
3910 42670 910
3911 45646 17538
3912 35658 34787
3913 8542 48266
3914 34267 29271
3915 45493 37264
3916 51899 22190
3917 13290 28910
3918 50092 17703
3919 34782 1794
3920 24355 20949
3921 26116 27539
3922 57480 54939
3923 57770 26241
3924 49869 35318
3925 61920 8493
3926 57785 59564
3927 65199 59176
3928 3331 41943
3929 24181 59244
3930 29172 57589
3931 41649 28430
3932 19352 816
3933 29571 46731
3934 58787 420
3935 22869 35534
3936 55690 21100
3937 48477 47945
3938 6133 41893
3939 4002 63357
3940 10307 57526
3941 1369 28867
3942 8831 28397
3943 41326 19532
3944 42989 64109
3945 13806 21757
3946 6148 46286
3947 32269 55074
3948 59678 31258
3949 33912 36756
3950 24790 28858
3951 19331 21528
3952 22269 6959
3953 56812 33460
3954 7116 29822
3955 10735 45161
3956 1087 49332
3957 64161 54560
3958 64201 27242
3959 34581 35737
3960 10417 4052
3961 37832 45123
3962 26004 58989
3963 46630 32515
3964 36468 37684
3965 37805 64335
3966 25855 33023
3967 5703 31733
3968 3009 7904
3969 33670 9323
3970 25353 42675
3971 41789 35043
3972 37798 11772
3973 32018 39490
3974 50300 19021
3975 56334 4414
3976 25738 34235
3977 55210 14236
3978 45308 60965
3979 15389 62396
3980 36951 31156
3981 18756 34087
3982 56925 36699
3983 23407 34131
3984 65077 57166
3985 60895 62724
3986 49758 62585
3987 5344 26075
3988 38702 62383
3989 24679 40375
3990 4479 24115
3991 8169 55139
3992 29133 38024
3993 48200 1138
3994 38826 50527
3995 22350 10143
3996 7755 27038
3997 47001 62660
3998 32997 62048
3999 51731 47199
4000 11195 1233
4001 14083 14550
4002 52536 12153
4003 4334 29892
4004 10231 52318
4005 56078 1908
4006 18480 17698
4007 12399 8565
4008 59761 56054
4009 15621 6197
4010 37535 12841
4011 407 25817
4012 29346 926
4013 18807 55632
4014 11754 60847
4015 15154 1304
4016 49238 57199
4017 21090 36079
4018 28986 46565
4019 8393 44088
4020 62578 52844
4021 9255 10065
4022 46622 8106
4023 52793 43060
4024 32008 45374
4025 44929 57927
4026 52692 9551
4027 52976 24600
4028 15245 48554
4029 31874 61370
4030 30159 34426
4031 1872 5689
4032 28545 61744
4033 11475 27013
4034 18168 5613
4035 39963 19289
4036 23857 50733
4037 15736 45275
4038 50923 51325
4039 27682 7670
4040 45162 5167
4041 7440 50166
4042 29581 43637
4043 59413 55031
4044 41957 46577
4045 41358 3332
4046 64913 2875
4047 23920 57475
4048 1341 46215
4049 24649 19964
4050 62051 61067
4051 51645 26751
4052 6292 53511
4053 26063 40998
4054 33286 13188
4055 35771 36098
4056 20030 35635
4057 24774 58056
4058 46343 46160
4059 59848 35978
4060 24283 1098
4061 44053 58232
4062 65225 51781
4063 24495 53566
4064 16481 57241
4065 44212 17892
4066 42327 55297
4067 33202 33553
4068 36047 49619
4069 62325 33375
4070 60914 8485
4071 38426 41008
4072 56746 13110
4073 22508 40950
4074 1969 39734
4075 1570 25192
4076 42266 54748
4077 51939 62927
4078 16203 61811
4079 57235 6675
4080 45273 50234
4081 23612 36073
4082 22523 960
4083 10041 21806
4084 44863 18460
4085 10775 28456
4086 22962 10124
4087 15079 36821
4088 43264 21342
4089 44751 22572
4090 10355 57690
4091 40826 33938
4092 61830 10911
4093 22379 20764
4094 22612 37115
4095 39051 44270
