s
954 1074
1146 1250
1525 1311
1391 1430
1458 1583
1631 1513
1759 1434
1674 1632
1661 1321
1901 1396
1703 1429
1964 1693
1918 1640
1669 1522
1638 1585
1629 1582
1599 1361
1308 993
1352 878
1021 1299
947 1148
1195 798
937 617
592 1440
586 1348
487 1139
288 1096
533 1326
378 1410
283 1437
314 1487
422 1499
234 1504
211 1463
685 1552
506 1408
609 1586
642 1347
759 1317
878 1586
1163 1175
1262 1125
1397 1103
1158 824
1411 1100
1512 600
1783 648
1876 563
1945 532
1958 400
1742 222
1812 465
1869 505
1753 835
1584 439
1854 611
1661 908
1303 657
1321 630
1105 786
999 979
1022 1018
670 1156
718 1014
755 1362
547 1295
618 1260
172 1470
256 1648
319 1506
461 1907
455 1288
247 1646
189 1522
405 1501
409 1307
661 1407
596 1460
740 1504
922 1270
827 1555
945 1163
1279 1431
1356 1048
1498 864
1572 1039
1614 817
1728 883
1884 771
1935 669
1690 774
1635 274
1823 383
1862 371
1631 692
1492 563
1525 857
1562 750
1345 783
1096 870
1001 972
854 939
822 786
643 1191
493 1133
535 1015
552 1422
401 1429
166 1417
301 1659
264 1390
175 1682
199 1465
372 1481
409 1521
400 1570
429 1608
813 1706
670 1484
974 1169
1010 1033
1043 1207
1040 1310
1439 1203
1464 932
1690 877
1678 722
1657 622
1772 989
1711 833
1845 654
1913 793
1534 835
1684 613
1656 652
1648 602
1293 387
1511 630
1159 953
1013 442
1288 713
907 675
799 1158
690 1183
700 1206
523 1008
566 1479
512 1446
270 1343
67 1219
119 1385
281 1596
368 1765
323 1736
430 1519
533 1472
792 1648
937 1348
956 1445
963 1512
1046 1365
1135 1234
1247 895
1392 1351
1446 986
1679 1062
1767 898
1527 530
1767 746
1699 522
1852 541
1626 572
1872 664
1690 434
1670 509
1625 538
1533 799
1408 547
1267 698
1230 905
1161 629
903 1001
917 1071
730 1222
700 1285
710 1003
485 1288
373 1410
555 1518
231 1368
217 1416
496 1661
261 1549
237 1324
762 1502
528 1658
601 1435
713 1213
765 1384
1117 1326
1073 1179
1116 1034
1411 998
1505 969
1659 743
1524 530
1463 972
1689 658
1772 697
1850 787
1572 680
1918 612
1376 691
1773 445
1605 531
1619 690
1545 807
1540 658
1087 788
1021 858
1152 835
888 472
932 962
736 898
493 961
489 1089
330 1382
471 1426
343 1735
315 1641
162 1515
463 1544
332 1550
427 1413
561 1413
455 1360
664 1272
861 1524
761 1422
522 1173
1025 1250
1177 1101
1427 1080
1396 1161
1460 1033
1398 636
1450 1064
1844 628
1887 917
1986 513
1893 539
1822 766
1809 615
1832 507
1522 280
1642 510
1477 440
1232 435
1114 559
1069 712
1233 704
1009 684
597 808
668 876
510 1212
591 1463
387 1302
537 1573
409 1485
176 1493
142 1646
332 1528
312 1415
400 1708
381 1588
499 1708
840 1462
970 1642
801 1291
1112 1293
1039 1259
1077 1238
1378 1069
1434 1153
1517 709
1620 849
1671 810
1850 870
1619 893
1571 541
1873 641
1919 855
1913 683
1842 355
1557 323
1869 407
1586 404
1498 691
1160 829
1220 929
1241 738
712 790
998 966
807 919
652 946
366 1126
447 1345
278 1601
333 1713
551 1411
274 1264
102 1720
339 1664
289 1465
390 1486
716 1494
449 1474
804 1424
604 1408
932 1018
1062 1083
1152 1133
1291 1131
1131 1079
1343 1094
1479 1031
1698 1005
1602 438
1672 563
1880 538
1938 515
1778 590
1786 327
1798 0
1790 520
1725 548
1442 600
1446 628
1108 369
1171 865
973 789
910 1094
902 979
828 887
494 1057
395 1199
296 1157
515 1333
267 1303
248 1364
291 1419
178 1642
262 1426
345 1576
333 1457
601 1544
528 1447
640 1346
897 1241
847 1195
1139 1420
1223 1150
1295 1219
1411 1274
1596 1002
1446 756
1749 1032
1818 651
1847 582
1786 456
1829 660
1777 518
1811 388
1794 576
1671 879
1343 562
1485 347
1403 462
1309 483
1202 719
1115 1006
1055 1013
682 962
603 857
676 1446
585 1219
344 1468
358 1133
0 1434
517 1569
409 1673
136 1350
266 1408
405 1314
511 1558
428 1249
639 1220
866 1688
909 1106
1019 1016
948 1391
1218 1396
1281 1246
1512 951
1674 737
1485 820
1758 871
1789 762
1813 623
1860 586
1837 726
1602 404
1911 549
1574 621
1545 471
1440 532
1495 217
1537 724
1324 294
1236 521
864 701
892 1013
1120 694
675 946
553 1123
286 1197
198 1127
540 1445
275 1298
273 1375
350 1734
152 1653
185 1535
281 1435
648 1476
617 1690
558 1519
611 1530
719 1215
951 1343
1043 1380
1039 1308
1470 1612
1376 1051
1518 1344
1611 992
1455 646
1756 1217
1818 820
1896 719
1820 813
1406 466
1654 480
1872 627
1607 530
1649 575
1364 863
1367 873
1507 688
1350 947
1063 760
925 980
869 787
551 931
623 745
752 1142
388 1225
291 1573
376 1260
292 1397
279 1512
205 1748
242 1546
158 1564
590 1525
501 1610
683 1663
620 1534
876 1450
894 1467
858 1591
1083 1218
1400 1365
1385 926
1466 858
1629 798
1767 975
1803 680
1674 722
1964 910
1624 442
1874 535
1860 567
1616 661
1658 735
1509 692
1551 397
1566 456
1458 490
1241 1003
1090 644
903 971
564 892
798 820
515 903
415 1293
389 1350
348 1001
365 1489
276 1180
258 1517
357 1836
293 1539
291 1633
314 1783
456 1524
777 1470
606 1662
817 1328
963 1707
1045 1274
1191 1468
1211 1119
1459 1166
1473 1107
1410 867
1673 907
1725 642
1685 617
1667 509
1934 360
1716 203
1815 500
1734 710
1776 640
1553 448
1429 519
1561 654
1358 865
1191 605
1087 618
892 756
707 1057
783 877
378 992
340 1315
431 1401
361 1445
165 1410
405 1426
205 1372
289 1626
355 1255
303 2000
183 1876
519 1488
640 1489
744 1617
802 1197
1088 1199
767 1289
1214 1598
1303 917
1402 1220
1460 873
1740 876
1585 747
1856 889
1774 438
1870 587
1858 595
1818 462
1827 426
1840 560
1580 482
1729 517
1496 524
1374 555
1274 735
1409 878
1053 914
766 675
921 930
608 904
693 1372
439 812
447 1176
202 1366
335 1514
314 1102
251 1645
250 1208
226 1405
447 1652
432 1565
629 1525
604 1465
570 1213
852 1604
883 1530
1085 1222
1295 1105
1358 1278
1374 848
1545 1042
1747 593
1716 762
1776 557
1852 671
1811 881
1809 485
1795 799
1743 421
1746 668
1663 404
1609 520
1761 609
1365 778
1243 586
1187 824
802 744
1001 956
875 690
660 1154
690 991
441 1203
450 1175
473 1124
354 1336
316 1549
301 1345
227 1657
431 1568
312 1648
326 1584
448 1428
594 1619
724 1095
868 1572
903 1465
966 1248
1204 1225
1246 1218
1574 1105
1541 572
1646 1094
1672 690
1647 945
1962 696
1858 957
1967 409
1965 349
1682 579
1584 532
1770 492
1457 245
1455 456
1416 486
1232 613
1218 692
955 734
962 744
704 1077
567 1386
693 1373
494 1275
482 1491
250 1214
217 1447
324 1381
175 1744
198 1615
84 1564
438 1304
496 1639
582 1694
604 1570
509 1339
761 1232
1195 1219
992 1490
1308 1150
1098 1393
1441 1014
1665 1050
1484 583
1533 962
1783 703
1869 568
1943 546
1732 698
1801 499
1694 566
1727 364
1582 257
1494 1030
1605 666
1288 713
1258 717
1082 739
978 884
939 654
941 800
728 1226
339 1167
467 1098
505 1517
446 1405
180 1544
374 1557
273 1404
251 1338
259 1299
517 1526
625 1285
681 1720
322 1478
738 1530
903 1542
1078 1372
833 1262
1000 1055
1283 1414
1380 1203
1708 862
1666 584
1636 763
1799 586
1617 682
1866 862
1775 628
1832 500
1855 566
1841 556
1732 536
1725 608
1348 608
1371 650
1258 693
935 702
1041 774
934 996
825 1064
682 1029
618 1121
498 1221
489 1486
271 1235
449 1254
116 1426
340 1367
382 1608
256 1682
327 1582
316 1567
435 1450
889 1550
646 1494
1067 1329
976 1158
967 1198
1229 1069
1275 1145
1304 1063
1613 841
1588 1148
1740 711
1637 474
1800 610
1701 668
1681 254
1663 397
1799 313
1577 395
1650 246
1557 654
1615 850
1420 622
1287 786
1019 782
1205 834
899 916
656 995
400 990
581 1018
533 1059
508 1011
491 1470
454 1333
368 1572
132 1448
365 1378
281 1530
409 1681
451 1769
549 1431
552 1467
655 1405
746 1571
912 1414
1078 1202
1233 1276
1356 1016
1513 1217
1331 1058
1620 1160
1584 733
1784 821
1734 502
1876 490
1856 432
1865 336
1698 728
1838 415
1604 716
1523 888
1437 762
1494 825
1170 610
1128 593
952 760
891 827
1031 724
967 870
630 1146
410 1260
299 1376
332 1238
162 1521
255 1475
510 1265
378 1433
427 1606
326 1537
431 1587
513 1604
578 1583
607 1144
811 1308
909 1251
905 1650
1254 897
1528 1324
1508 653
1638 598
1747 567
1553 929
1957 667
1798 359
1825 678
1782 712
1950 656
1767 241
1818 556
1507 641
1552 652
1410 869
1379 359
1119 780
1230 388
873 963
1040 799
683 913
489 1177
486 1083
658 1337
550 1310
583 1398
307 1240
287 1508
358 1588
78 1476
272 1736
394 1490
435 1799
568 1714
663 1674
720 1610
790 1253
1017 1277
1090 1507
978 1385
1176 1301
1234 1057
1540 833
1518 1028
1541 802
1685 945
1649 913
1628 910
1530 573
1885 403
1792 693
1570 674
1497 603
1434 580
1467 771
1480 446
950 828
1256 701
1079 803
1000 875
856 1074
583 1262
639 1045
542 1256
544 1167
371 1190
475 1443
344 1392
273 1497
355 1403
131 1546
483 1625
282 1416
677 1411
520 1604
599 1322
794 1247
978 1440
1131 1365
1047 1155
1463 1348
1370 1107
1644 1144
1492 967
1609 737
1678 980
1764 856
1824 979
1700 498
1723 505
1825 558
1860 595
1419 247
1603 478
1444 97
1220 292
1332 339
1239 666
1100 800
768 1000
1122 923
604 983
695 1091
456 1236
393 1197
502 1469
190 1573
258 1598
284 1469
340 1560
228 1676
215 1725
318 1471
608 1447
455 1255
592 1149
728 1243
1059 1488
1181 1048
1046 1214
1377 890
1423 806
1431 923
1446 889
1579 672
1999 942
1757 770
1967 860
1698 173
1961 477
1764 559
1578 348
1678 423
1466 411
1356 392
1234 908
1352 860
1141 1333
1200 873
1131 662
998 1030
781 1383
694 1288
558 1130
370 1437
464 1486
302 1552
30 1582
110 1289
206 1634
370 1432
378 1691
624 1606
347 1335
669 1636
601 1437
935 1183
907 1506
1075 1189
1175 1057
1362 1259
1566 1000
1574 1294
1730 868
1568 1010
1747 778
1817 887
1734 729
1640 475
1952 672
1800 296
1552 689
1610 633
1524 351
1531 594
1314 669
1435 870
1242 421
1159 727
663 934
734 960
711 704
