s
994 1503
1156 1609
1165 1490
1272 1385
1626 1311
1603 1322
1733 1305
1869 864
1839 991
1723 923
1654 963
1629 1222
1391 1448
1262 1349
1224 1360
935 1551
752 1437
860 1330
476 935
365 1242
438 1358
168 953
33 496
67 708
251 976
224 539
255 312
223 381
733 0
885 36
782 166
1115 698
1198 609
1350 150
1689 205
1582 658
1737 718
1713 834
1732 782
1687 960
1763 1041
1613 1678
1313 1176
1363 1370
1067 1296
1012 1483
680 1481
667 1825
539 2000
118 1206
327 1085
309 1211
38 834
319 787
216 487
228 467
504 378
436 375
754 132
690 184
1029 229
1135 390
1498 579
1261 485
1381 693
1658 849
1936 754
1902 1007
1851 1013
1666 1264
1647 1435
1539 1528
1305 1356
1273 1337
986 1483
1092 1422
924 1178
373 1192
697 1398
254 1400
349 932
283 882
52 894
56 808
213 522
147 687
595 265
480 406
707 394
926 295
887 482
1083 74
1311 307
1556 944
1439 497
1650 1026
1682 656
1613 1140
1806 949
1769 911
1421 1213
1556 1089
1385 1719
1242 1580
1037 1061
963 1551
803 1825
564 1471
392 1524
385 1497
109 1165
93 1049
168 738
149 587
420 505
364 281
423 615
525 492
646 285
435 309
786 590
1074 639
1481 403
1598 261
1393 631
1625 483
1597 1001
1736 485
1774 1262
1837 1089
1648 792
1452 1069
1399 1142
1299 1585
1226 1540
908 1583
1015 1348
635 1390
457 1301
247 1231
0 772
155 942
263 990
106 747
190 675
249 629
385 254
271 67
565 133
717 17
1034 211
1278 290
1183 505
1415 279
1423 788
1569 627
2000 598
1711 781
1628 577
1867 1174
1550 1332
1488 1032
1549 1451
1312 1413
1042 1518
1140 1516
1110 1706
682 1426
550 1549
370 1134
392 1216
90 621
263 1006
165 1115
348 504
426 746
64 189
428 441
549 412
593 173
922 151
1187 120
1343 160
1432 735
1574 650
1528 618
1940 865
1826 708
1748 1023
1692 1233
1733 1303
1368 1345
