s
90 314
832 407
301 12
62 1253
869 414
313 14
66 1240
877 428
299 14
63 1234
882 395
300 11
68 1236
882 402
309 16
67 1242
877 395
295 16
60 1238
874 403
276 14
52 1239
883 404
286 15
57 1235
873 390
292 14
57 1247
880 391
298 14
62 1256
884 405
319 16
68 1254
897 416
325 12
70 1270
899 427
324 12
67 1282
910 424
332 16
75 1272
910 434
329 12
73 1268
911 428
336 16
75 1283
906 427
314 14
64 1287
900 414
306 19
65 1275
901 438
311 11
65 1274
904 403
306 16
68 1278
898 398
319 12
66 1290
897 417
322 14
70 1280
899 416
300 14
60 1280
906 399
304 15
63 1280
904 399
305 16
67 1286
902 400
309 12
64 1291
906 426
298 17
60 1287
909 422
308 15
64 1290
907 414
294 16
55 1290
902 393
303 16
62 1286
897 392
285 12
56 1275
895 380
297 12
62 1275
889 376
231 11
51 1286
892 362
240 11
55 1270
888 363
229 16
52 1254
883 346
228 16
47 1253
878 338
228 15
48 1279
879 344
226 19
49 1260
880 358
223 11
48 1260
882 327
227 18
52 1267
886 337
232 14
52 1271
877 330
229 14
50 1268
884 346
226 11
47 1267
890 335
228 13
55 1268
890 331
229 13
51 1280
897 354
225 16
48 1283
895 346
232 15
48 1271
892 346
230 18
49 1277
889 338
227 10
48 1261
887 313
229 30
50 1280
888 318
231 14
50 1256
889 329
233 14
50 1276
887 328
228 14
47 1280
900 329
228 13
51 1280
900 328
225 12
48 1290
907 346
229 16
47 1299
900 342
228 14
47 1294
901 348
226 15
49 1288
896 324
222 16
45 1251
896 304
222 14
48 1288
896 309
225 14
48 1283
887 307
229 14
47 1274
883 289
222 11
47 1266
886 270
222 14

s
1018 18
886 1355
1060 16
264 846
677 1355
993 12
252 840
679 1360
989 12
245 830
663 1352
964 11
237 816
666 1330
958 13
240 804
660 1321
956 13
239 798
662 1328
961 12
236 817
662 1334
956 15
231 816
660 1328
954 15
231 824
663 1338
958 16
233 818
663 1321
955 16
236 832
668 1329
961 14
238 829
665 1328
967 16
236 820
659 1321
948 11
230 810
660 1302
946 13
235 804
664 1312
949 16
233 812
663 1314
945 16
230 824
662 1315
942 14
228 822
661 1310
940 18
225 816
659 1306
937 16
225 812
663 1299
942 16
228 834
670 1309
959 12
236 840
663 1309
951 12
230 826
663 1311
935 14
226 818
668 1291
932 14
229 812
666 1294
935 12
228 816
671 1302
945 16
228 834
666 1306
932 15
223 835
671 1306
936 16
225 824
663 1296
931 14
224 824
668 1283
935 16
226 840
671 1295
942 14
226 838
669 1290
935 14
226 824
657 1284
916 11
221 816
664 1267
916 13
224 814
666 1270
921 14
224 824
667 1284
929 16
223 837
674 1298
934 15
222 851
681 1298
932 15
224 832
667 1286
923 16
220 832
678 1287
935 16
226 857
682 1286
939 14
226 854
677 1288
939 14
227 840
665 1274
916 15
222 838
680 1274
922 14
225 830
678 1270
919 13
224 830
677 1280
928 12
222 846
675 1278
914 15
218 845
676 1272
914 18
217 845
673 1280
918 16
217 852
686 1275
931 16
222 870
694 1287
949 14
228 889
705 1311
959 12
231 894
701 1311
946 11
228 889
714 1302
956 14
233 884
718 1302
960 16
236 884
715 1306
959 17
236 907
716 1306
954 15
230 902
717 1310
950 15
229 891
707 1304
940 14
225 890
716 1295
950 14
230 906
714 1294
955 16
232 906
711 1293
951 14
230 898
709 1297
944 12

s
1092 17
534 1674
1176 12
304 196
310 1678
1109 16
279 207
305 1663
1096 18
274 203
293 1648
1100 17
273 202
293 1662
1095 16
269 200
298 1651
1088 18
270 207
304 1651
1097 14
274 218
293 1638
1097 12
271 208
289 1649
1084 15
268 213
308 1647
1088 15
272 204
314 1646
1089 14
273 202
300 1634
1088 16
270 223
297 1634
1076 15
264 215
299 1636
1072 18
263 209
301 1638
1079 16
263 220
308 1627
1087 18
268 227
294 1619
1073 14
266 221
295 1616
1073 14
263 216
301 1625
1070 14
263 218
314 1615
1084 14
269 228
314 1624
1077 16
269 222
314 1624
1077 16
266 239
322 1636
1082 15
266 253
321 1638
1086 15
265 250
317 1644
1085 14
265 252
332 1633
1084 16
268 259
332 1629
1091 14
270 264
321 1625
1087 10
270 248
311 1612
1066 11
262 242
328 1608
1068 13
267 230
326 1596
1059 16
263 226
314 1592
1061 12
260 242
306 1595
1042 15
256 231
307 1590
1044 15
252 234
327 1600
1057 16
257 240
324 1584
1062 16
262 264
318 1586
1058 12
258 260
317 1592
1057 14
257 250
325 1597
1054 15
259 259
334 1589
1063 15
261 258
334 1595
1063 16
263 252
330 1590
1053 16
256 267
331 1592
1046 15
254 265
336 1584
1054 15
256 264
325 1592
1050 18
255 264
350 1578
1060 16
260 290
342 1592
1065 12
260 291
339 1586
1059 14
255 288
343 1592
1052 15
258 275
346 1578
1047 15
257 270
346 1576
1049 16
259 272
343 1577
1045 16
256 278
333 1566
1036 15
252 278
345 1564
1036 15
249 276
341 1568
1038 18
251 277
352 1563
1047 18
256 302
346 1571
1052 14
258 299
343 1569
1049 12
253 298
356 1578
1046 15
255 304
372 1571
1054 11
263 304
366 1580
1057 16
261 298
359 1568
1045 14
256 309
355 1570
1042 15
252 305
362 1562
1038 16

s
1022 322
270 16
38 1655
1102 13
288 12
40 1662
1117 13
294 14
42 1662
1113 16
292 13
39 1672
1122 15
294 13
43 1678
1126 15
297 16
44 1682
1132 16
297 16
39 1683
1130 16
300 15
39 1693
1136 14
302 15
39 1698
1141 16
300 16
39 1694
1132 15
299 16
44 1679
1130 11
301 18
44 1682
1124 16
301 12
43 1678
1125 16
295 13
44 1683
1122 15
295 15
48 1664
1118 15
293 14
45 1660
1115 16
293 16
39 1667
1114 16
294 14
40 1667
1117 12
294 15
41 1653
1113 12
289 18
37 1661
1108 13
291 11
40 1664
1111 11
293 12
40 1671
1117 16
295 12
39 1668
1111 16
292 14
39 1664
1116 15
292 11
42 1676
1118 15
293 12
45 1662
1114 11
292 12
42 1669
1118 18
296 14
38 1685
1127 12
298 14
39 1669
1120 16
295 16
37 1669
1118 15
294 16
42 1659
1110 14
295 10
42 1675
1117 16
297 10
39 1674
1115 16
292 8
41 1674
1118 15
295 13
45 1672
1122 14
293 13
45 1688
1131 14
295 16
44 1699
1132 16
298 18
39 1691
1133 14
300 15
43 1687
1129 12
300 14
39 1695
1130 15
299 16
44 1703
1134 13
304 12
46 1706
1137 14
305 14
45 1697
1133 16
301 15
42 1694
1132 18
300 14
49 1688
1128 15
300 11
48 1699
1138 16
301 12
39 1703
1133 18
302 14
43 1683
1123 14
296 14
39 1676
1115 12
294 16
41 1659
1102 11
292 16
42 1654
1102 13
291 14
40 1653
1101 16
291 12
39 1651
1095 16
287 13
39 1643
1096 18
286 11
41 1646
1100 18
285 11
41 1660
1103 16
288 11
38 1678
1111 18
292 14
39 1669
1113 14
294 18
39 1666
1109 12
290 16
39 1658
1110 15
291 16
42 1678
1114 11
295 14
40 1678
1121 16
297 10
39 1692
1125 13
298 14
43 1699

s
1079 16
1055 1057
879 16
222 1066
820 1059
811 16
192 1051
805 1059
800 14
187 1058
809 1072
793 15
183 1056
810 1050
786 11
187 1048
812 1044
781 16
183 1042
807 1051
783 13
178 1066
807 1056
766 15
182 1051
805 1042
766 15
181 1051
805 1042
767 18
183 1052
812 1041
775 16
178 1071
813 1045
781 12
180 1080
813 1052
787 14
180 1078
809 1048
768 12
174 1064
824 1048
782 12
181 1086
834 1056
797 16
187 1092
837 1068
801 16
186 1107
837 1070
796 15
182 1114
841 1076
800 14
183 1107
843 1076
799 16
181 1104
839 1054
796 16
184 1120
846 1059
809 14
188 1123
845 1066
811 12
186 1118
841 1064
786 15
183 1104
838 1035
782 15
184 1100
838 1036
781 20
181 1090
834 1038
777 16
174 1105
831 1042
768 15
173 1095
829 1032
774 18
173 1098
825 1028
763 16
181 1093
836 1018
769 16
176 1107
836 1027
775 14
178 1106
832 1018
773 12
174 1106
821 1024
756 15
180 1091
834 1000
756 15
183 1092
838 1007
759 13
185 1088
835 1003
757 16
180 1102
827 994
742 19
176 1088
827 994
742 15
177 1088
827 1000
743 18
176 1087
826 982
743 16
178 1109
830 987
761 14
182 1108
836 996
759 12
180 1110
837 1008
750 15
178 1106
846 991
756 13
183 1098
854 1006
769 16
177 1116
847 1000
761 16
180 1125
848 1006
750 15
178 1125
849 1006
754 15
177 1142
835 1010
755 18
177 1126
852 1003
747 12
176 1141
856 999
767 14
184 1139
855 996
771 12
172 1144
845 995
748 14
175 1134
862 995
754 11
183 1126
870 985
757 17
184 1122
854 974
757 16
180 1134
847 971
734 15
172 1125
848 978
735 15
169 1117
853 974
735 16
173 1119
852 958
749 16
178 1151
860 979
763 16
182 1154
859 979
745 12
175 1140
855 978
735 15

s
991 15
1019 16
269 732
617 1304
933 16
230 741
610 1298
920 15
223 740
611 1296
916 15
221 728
599 1286
908 18
215 722
604 1277
907 16
222 738
599 1271
909 14
218 739
597 1266
907 14
218 726
593 1273
893 15
223 726
606 1256
896 15
219 714
598 1250
887 14
224 714
606 1256
901 16
215 744
605 1266
894 15
222 735
609 1254
892 8
221 734
604 1264
894 18
221 732
612 1253
891 16
226 744
610 1242
899 12
220 746
609 1256
900 14
215 746
612 1264
896 14
215 752
624 1259
900 15
219 756
630 1263
909 12
224 760
626 1264
905 13
220 768
626 1270
904 15
216 770
631 1266
904 18
215 784
633 1276
911 16
221 776
640 1266
910 16
218 799
640 1272
909 14
220 790
640 1270
916 12
222 800
640 1277
904 7
219 795
652 1262
908 10
221 788
650 1270
911 14
224 782
643 1264
901 16
214 791
642 1266
898 11
215 795
643 1264
896 15
213 792
639 1262
898 16
215 786
644 1247
896 16
216 800
640 1243
897 14
216 807
641 1256
903 12
215 798
641 1264
894 11
222 811
660 1259
903 17
219 812
662 1266
913 13
222 808
663 1266
913 16
220 823
661 1268
904 15
218 818
659 1268
904 15
213 829
661 1276
906 16
215 820
663 1253
901 12
216 826
662 1257
904 12
220 818
652 1240
896 14
212 810
647 1242
880 11
218 800
648 1218
870 15
217 790
648 1222
871 16
219 788
644 1218
867 16
212 795
636 1216
868 18
214 795
640 1214
862 15
209 790
641 1220
863 16
212 798
650 1214
875 18
212 822
655 1223
883 12
220 822
653 1222
883 14
215 818
653 1232
871 15
213 814
664 1210
870 15
216 804
658 1206
871 16
217 798
655 1208
867 12
212 806
644 1200
846 15
208 801
645 1196
848 15
204 797

s
825 15
854 14
228 317
337 1088
744 14
193 328
325 1092
739 10
192 332
334 1101
749 16
190 346
332 1098
748 14
192 352
329 1101
752 14
192 346
327 1104
750 14
191 356
342 1108
754 15
198 350
346 1112
753 12
195 346
338 1112
759 16
196 366
342 1114
754 15
193 356
345 1118
760 15
193 372
355 1130
764 14
196 364
350 1118
757 18
198 371
346 1106
757 14
194 358
337 1098
749 14
192 352
336 1098
740 12
188 347
338 1087
734 17
191 344
334 1076
729 12
190 326
326 1080
727 16
186 336
326 1074
718 15
180 333
329 1078
726 19
181 336
323 1076
721 16
181 331
327 1074
726 14
184 355
335 1080
733 12
186 347
327 1074
736 16
186 352
333 1080
722 13
182 344
342 1075
735 17
191 360
350 1089
736 16
190 344
332 1072
721 18
183 351
335 1067
726 15
184 349
336 1074
726 15
185 356
343 1084
730 14
183 352
342 1075
732 18
188 371
343 1074
736 12
190 362
337 1072
725 12
186 352
333 1069
720 15
182 360
342 1064
722 14
187 348
338 1055
717 16
187 348
340 1064
723 16
184 366
343 1070
718 14
182 361
339 1054
712 18
179 356
341 1058
719 11
181 364
348 1067
725 16
184 379
348 1063
727 14
186 376
345 1058
731 14
184 378
345 1066
718 15
183 368
350 1054
716 11
187 362
350 1056
717 12
185 364
341 1051
707 12
180 361
330 1032
692 15
174 350
337 1032
698 17
177 356
337 1034
695 16
173 348
334 1009
694 18
176 344
332 1015
693 12
176 350
329 1005
693 14
175 354
337 1032
694 15
173 368
350 1034
708 15
183 378
354 1043
713 16
184 386
362 1060
717 16
182 395
363 1059
722 15
182 405
375 1070
732 15
183 416
373 1066
733 16
185 410
376 1071
732 16
188 422

s
95 992
272 1305
863 16
200 239
270 1301
874 14
210 239
273 1300
875 12
207 232
265 1288
862 13
206 226
272 1289
866 13
211 222
278 1286
868 16
213 222
278 1296
871 16
210 240
277 1298
866 14
208 237
281 1298
874 19
209 248
284 1302
879 16
209 248
295 1306
883 18
216 270
294 1305
887 16
214 262
285 1293
881 14
214 251
287 1300
871 11
211 250
298 1291
876 13
217 252
298 1298
877 12
215 254
292 1292
876 16
212 261
294 1296
874 14
210 268
301 1306
886 15
213 277
304 1311
886 16
213 273
308 1303
890 16
218 300
316 1309
896 14
210 290
305 1309
891 10
216 294
308 1310
882 13
214 290
314 1306
886 14
220 280
316 1302
885 12
219 288
319 1314
896 16
210 303
317 1320
894 11
214 321
324 1320
900 14
211 312
329 1320
907 16
212 314
334 1331
907 14
214 334
340 1331
915 12
216 334
333 1328
913 14
215 330
337 1328
910 11
213 334
348 1331
916 17
221 336
352 1339
921 16
220 344
353 1344
921 13
220 351
355 1342
924 15
220 357
359 1350
926 15
220 353
357 1342
920 16
217 350
356 1338
919 16
220 359
350 1326
912 12
216 342
337 1313
899 14
212 328
327 1300
882 13
212 314
336 1294
884 15
217 314
340 1295
887 12
219 306
332 1286
881 10
214 322
337 1298
884 15
212 320
331 1286
880 19
213 322
335 1296
882 14
213 324
338 1291
886 16
216 337
336 1299
887 10
214 334
335 1290
890 12
215 338
337 1290
878 13
212 326
340 1283
876 15
217 318
336 1275
869 16
213 306
326 1264
861 16
210 314
325 1264
854 15
204 307
319 1256
850 14
201 308
319 1250
844 16
199 301
324 1249
852 18
206 315
320 1247
851 14
202 313
320 1254
856 12
202 310
321 1249
846 12

s
1025 12
239 18
88 1598
1055 13
253 14
94 1608
1071 16
261 14
90 1612
1069 12
258 14
87 1608
1074 15
256 12
91 1618
1074 19
257 13
88 1616
1069 18
255 12
103 1615
1078 16
260 19
95 1612
1081 14
262 15
95 1618
1081 12
260 18
97 1619
1079 15
260 16
108 1625
1084 15
264 14
114 1632
1088 16
267 12
106 1622
1077 17
260 14
103 1626
1076 16
260 14
105 1622
1080 19
257 13
101 1622
1082 16
261 12
118 1631
1089 16
266 15
108 1617
1085 16
264 18
109 1622
1083 14
262 16
97 1616
1072 17
260 16
108 1608
1068 15
259 12
110 1620
1077 16
264 12
103 1608
1063 16
258 13
95 1603
1066 15
256 14
103 1602
1066 15
255 16
115 1614
1079 11
261 17
110 1607
1070 12
260 14
108 1605
1074 14
258 15
113 1612
1078 12
260 16
113 1618
1074 15
259 18
122 1617
1078 13
264 14
124 1618
1084 16
265 10
119 1616
1073 16
261 14
109 1608
1068 15
256 9
117 1602
1064 15
256 12
103 1594
1061 18
253 16
118 1590
1063 16
256 18
114 1597
1067 16
256 15
109 1596
1067 16
255 16
125 1612
1078 15
260 16
138 1621
1076 11
263 16
142 1633
1085 16
265 14
141 1634
1089 18
262 19
138 1634
1086 15
262 22
146 1636
1090 15
263 19
145 1642
1095 16
265 28
156 1644
1095 18
268 39
151 1637
1099 14
268 34
149 1636
1091 10
266 28
141 1636
1084 13
262 27
154 1633
1090 11
267 24
158 1640
1095 14
268 30
158 1642
1091 16
264 27
147 1638
1078 18
260 23
150 1626
1082 19
261 30
152 1630
1087 16
261 30
158 1635
1092 14
266 47
159 1639
1097 14
266 43
157 1634
1092 16
263 40
153 1632
1090 17
263 43
170 1637
1092 15
267 28
164 1626
1085 16
264 28
154 1618
1079 16
260 35
151 1624

s
214 1752
384 16
48 1511
1015 720
562 22
106 1521
1088 736
594 15
119 1520
1098 740
599 10
121 1516
1096 710
598 16
124 1522
1100 717
613 12
126 1528
1103 729
618 14
129 1524
1093 730
596 14
122 1526
1110 711
604 14
129 1520
1100 714
608 12
131 1534
1106 728
612 16
128 1545
1113 736
606 19
124 1547
1120 734
614 15
125 1552
1120 740
614 18
125 1536
1119 715
610 14
128 1551
1112 721
617 12
128 1555
1112 723
625 16
131 1556
1109 725
598 15
121 1546
1118 706
597 15
125 1532
1116 697
597 16
125 1540
1122 710
609 16
128 1554
1116 712
600 15
122 1566
1130 734
614 15
128 1567
1127 734
607 16
125 1561
1131 710
609 16
126 1574
1127 701
613 14
128 1568
1121 714
617 16
129 1570
1124 718
598 15
122 1568
1134 703
600 15
128 1564
1122 690
593 10
125 1558
1132 704
604 8
124 1569
1133 704
590 15
118 1565
1133 702
590 14
119 1568
1125 696
577 14
113 1553
1124 674
578 16
118 1566
1122 666
577 12
116 1554
1116 665
571 14
111 1546
1109 660
542 14
106 1538
1114 640
548 13
111 1542
1118 650
560 12
113 1548
1118 658
569 16
112 1571
1130 674
562 15
108 1573
1132 684
574 14
113 1578
1133 686
572 16
112 1574
1134 659
575 18
116 1587
1140 671
584 12
118 1591
1133 672
581 14
116 1576
1129 658
557 13
107 1561
1120 627
536 15
107 1554
1118 630
528 16
103 1542
1119 624
551 16
106 1568
1127 643
540 15
102 1570
1127 646
543 18
101 1579
1128 648
543 14
103 1572
1136 635
559 16
108 1594
1145 643
579 14
116 1606
1143 661
579 14
114 1598
1149 668
564 11
111 1602
1154 644
557 17
112 1594
1150 638
569 12
117 1598
1152 656
567 12
110 1615
1150 658
554 15
108 1609
1159 664
560 14
105 1611
1155 660
563 16
105 1612

s
0 1524
22 622
482 1359
908 14
205 624
552 1368
941 16
225 616
555 1362
949 16
228 639
559 1371
952 15
228 639
559 1370
948 15
228 639
567 1374
954 16
231 633
568 1361
955 16
232 658
564 1353
949 14
228 638
561 1362
949 12
228 642
559 1362
940 15
225 634
572 1351
943 13
231 634
568 1353
945 16
233 638
567 1356
945 16
228 645
564 1354
936 15
223 648
565 1350
940 14
225 656
569 1358
943 16
225 651
572 1347
943 16
228 666
578 1349
950 12
230 659
567 1351
945 12
228 654
565 1341
934 9
226 650
574 1338
940 15
229 652
578 1350
941 16
229 648
579 1346
947 16
228 672
580 1352
940 15
223 669
577 1358
944 15
225 680
587 1364
946 16
229 676
596 1355
962 16
236 707
599 1367
967 10
236 703
599 1363
971 16
237 694
597 1363
950 15
230 692
604 1348
956 12
235 686
600 1350
951 16
235 680
597 1347
949 16
230 691
595 1347
940 15
225 687
589 1332
938 15
225 678
587 1336
931 16
221 669
586 1319
926 12
222 680
590 1323
934 12
222 692
587 1329
935 12
223 698
588 1328
924 13
221 680
588 1315
906 15
219 670
590 1315
925 12
224 682
598 1318
935 12
226 706
591 1316
922 15
222 695
593 1326
924 15
217 688
605 1328
927 16
221 690
604 1303
939 16
228 723
606 1315
933 12
223 707
597 1311
928 14
221 698
601 1316
922 11
219 710
612 1295
934 14
227 702
608 1306
929 12
227 706
609 1312
928 16
222 719
618 1314
932 18
223 735
621 1326
946 15
225 738
617 1332
939 16
225 737
631 1327
943 18
228 747
632 1329
949 14
228 751
629 1320
949 14
230 752
613 1311
924 15
219 732
620 1285
912 15
221 720
622 1293
919 16
224 718
614 1290
917 16
218 742
611 1292

s
813 1296
1297 16
343 15
87 1832
1210 15
316 12
71 1822
1198 18
309 16
69 1826
1199 18
307 16
80 1833
1206 16
310 15
76 1832
1207 14
312 15
73 1836
1203 16
308 16
71 1822
1198 13
308 16
90 1838
1218 13
316 12
98 1856
1227 16
321 14
100 1864
1225 17
316 13
101 1870
1238 19
320 11
107 1862
1234 15
319 16
103 1870
1235 18
320 16
114 1871
1237 16
320 7
106 1857
1233 12
322 19
97 1848
1224 12
317 16
87 1840
1210 13
311 16
98 1835
1210 14
313 16
94 1833
1211 16
315 14
94 1834
1205 16
308 11
86 1828
1196 18
306 15
87 1824
1198 14
305 13
83 1822
1194 18
305 16
88 1814
1195 16
308 15
80 1810
1189 14
306 15
77 1800
1185 12
303 16
77 1805
1183 11
303 16
94 1811
1194 15
307 12
94 1829
1196 16
309 14
98 1824
1204 16
308 11
92 1820
1198 15
308 15
97 1818
1198 14
305 16
93 1820
1194 10
305 16
106 1818
1201 11
310 18
98 1811
1197 12
306 15
93 1808
1195 14
303 14
92 1816
1190 15
306 18
112 1819
1200 14
309 14
114 1822
1201 10
313 14
114 1826
1207 12
310 13
109 1819
1202 18
308 13
115 1822
1200 15
305 13
109 1822
1203 16
307 16
120 1821
1206 16
310 14
114 1813
1201 14
308 15
117 1820
1206 12
308 11
115 1819
1202 15
309 18
136 1824
1200 15
310 12
132 1826
1204 16
311 14
135 1834
1201 16
308 15
128 1826
1198 15
306 15
135 1824
1204 15
305 12
136 1846
1207 16
308 16
144 1831
1204 16
306 15
138 1818
1201 16
308 18
133 1812
1197 12
305 18
133 1821
1196 11
306 18
148 1820
1202 13
311 16
154 1827
1207 16
313 16
146 1820
1201 12
308 15
143 1824
1200 15
306 16
143 1812
1192 14
301 14
137 1806
1188 14
301 17

s
957 10
233 1462
1078 568
485 16
102 1474
1044 560
455 18
92 1465
1041 562
454 15
91 1464
1043 564
448 14
89 1456
1038 537
449 18
90 1465
1036 533
443 14
88 1455
1031 532
445 10
89 1456
1037 537
423 13
82 1454
1032 514
422 11
87 1452
1030 511
419 13
83 1444
1031 514
423 13
80 1455
1038 522
414 15
77 1455
1034 528
410 21
76 1460
1035 530
426 16
81 1456
1033 502
419 16
80 1467
1040 510
429 14
84 1471
1039 520
437 14
85 1458
1028 506
402 15
75 1462
1036 499
414 13
84 1464
1038 506
421 16
85 1468
1042 522
437 16
86 1482
1047 526
428 10
80 1484
1051 532
436 14
84 1493
1056 542
441 12
85 1481
1047 519
439 16
86 1496
1054 515
447 16
86 1494
1057 530
459 14
93 1498
1057 532
436 10
83 1498
1054 515
428 13
85 1486
1046 495
413 13
81 1480
1047 512
428 16
84 1489
1053 510
406 15
74 1479
1045 504
402 15
73 1482
1049 512
415 18
76 1482
1044 478
401 16
76 1486
1046 487
415 12
78 1490
1045 490
418 12
79 1488
1045 500
394 15
71 1488
1048 480
406 15
80 1492
1058 502
421 11
83 1494
1057 498
425 16
80 1511
1059 507
410 15
74 1504
1059 508
406 18
73 1501
1061 508
409 16
76 1497
1058 483
415 16
82 1513
1063 495
427 14
82 1507
1060 496
428 14
82 1510
1063 506
414 14
78 1514
1070 487
415 13
81 1510
1070 490
425 15
83 1516
1072 512
439 13
86 1531
1078 512
420 15
78 1523
1075 508
426 15
80 1533
1075 520
430 16
81 1529
1079 504
439 16
84 1542
1084 510
446 14
86 1546
1084 524
461 14
91 1547
1085 521
439 14
84 1536
1086 506
440 16
91 1536
1088 507
437 14
87 1532
1084 506
443 12
84 1545
1087 512
432 15
82 1547
1087 518
438 14
84 1551
1093 528

s
210 43
612 14
148 678
507 980
714 12
174 675
519 986
712 15
175 690
530 984
716 15
178 692
546 1003
736 16
183 702
544 1010
737 16
180 711
542 1008
734 15
180 715
547 1002
728 14
177 706
540 1000
722 16
177 700
540 995
725 16
180 707
538 993
728 14
180 709
537 989
731 14
180 696
533 988
716 15
175 696
542 991
727 14
181 714
550 1005
740 16
185 714
554 1006
737 13
180 724
549 1006
732 18
180 727
553 1006
728 15
177 716
545 996
722 18
177 712
554 995
734 18
180 722
548 989
725 16
178 715
547 984
725 14
175 712
541 987
714 15
174 700
542 962
706 15
177 690
536 962
701 16
176 688
530 962
695 16
167 691
526 956
690 18
166 691
531 954
694 15
167 684
529 964
695 16
167 696
532 954
695 18
170 702
534 959
703 16
170 696
533 947
699 14
168 696
525 952
684 15
166 688
536 946
690 13
171 686
532 943
688 16
170 696
534 946
692 16
167 694
530 946
684 15
164 695
530 936
680 18
161 683
523 932
671 18
160 682
524 921
671 16
162 695
522 923
675 14
162 687
519 921
672 12
162 678
517 916
663 15
157 683
520 906
660 10
161 678
522 914
669 16
163 680
524 922
669 16
159 693
526 920
668 18
158 694
525 916
658 15
153 683
521 910
659 16
157 682
526 909
662 18
159 694
525 912
673 16
162 699
528 912
674 12
159 704
529 917
667 14
159 704
542 922
671 13
164 700
538 924
679 17
166 710
542 926
677 16
162 707
535 922
670 19
158 724
545 930
680 14
161 720
545 932
679 18
161 708
550 923
687 16
166 746
556 925
703 14
170 723
561 945
700 14
167 748
561 934
697 15
167 752
568 939
695 13
170 738

s
171 182
44 266
199 890
600 15
156 251
235 896
626 15
164 262
243 896
628 18
165 267
247 915
635 16
170 286
244 893
640 14
162 275
241 909
635 16
169 288
253 913
642 11
162 296
258 928
646 13
165 294
260 923
639 16
173 298
263 923
640 13
160 302
260 922
638 15
168 302
267 924
639 15
165 311
267 930
643 16
161 304
266 925
641 16
160 318
268 918
639 14
168 322
273 933
657 12
165 322
269 920
637 12
166 323
280 932
646 13
166 324
280 934
641 12
165 328
276 936
639 16
169 331
271 926
638 14
167 341
281 920
642 19
160 328
276 916
632 16
165 308
268 899
622 16
162 319
266 899
624 14
164 318
261 894
616 10
162 314
267 889
615 11
161 320
268 891
614 13
162 302
264 878
608 16
163 300
263 882
609 16
156 307
263 878
602 15
156 311
269 878
612 15
157 328
277 894
621 16
161 329
284 895
626 16
164 346
286 895
629 14
164 347
281 894
629 12
161 347
285 892
621 15
161 342
286 890
615 9
161 328
276 867
601 16
160 334
289 886
609 10
158 339
278 866
602 15
156 325
275 860
598 15
151 325
275 848
594 14
149 326
278 859
595 16
152 344
276 847
593 12
154 342
273 852
601 16
154 338
285 860
594 13
154 344
286 855
596 13
157 342
286 858
601 13
160 348
291 864
599 16
156 354
295 870
602 15
154 363
301 870
608 15
151 360
297 864
602 16
153 350
300 855
607 18
156 363
300 860
609 14
158 354
295 849
607 12
153 376
304 872
606 10
156 366
306 854
602 14
160 366
310 870
605 16
160 382
311 880
613 16
154 399
317 882