53809 589 873
53810 428 176
53811 29 32
53812 326 29
53813 585 285
53814 79 36
53815 64 32
53816 601 253
53817 495 216
53818 28 32
53819 239 32
53820 636 297
53821 230 53
53822 28 29
53823 391 43
53824 460 225
53825 47 33
53826 81 33
53827 579 252
53828 351 145
53829 29 32
53830 313 32
53831 700 405
53832 188 40
53833 28 32
53834 599 275
53835 460 181
53836 29 33
53837 84 29
53838 665 357
53839 316 139
53840 30 36
53841 420 151
53842 595 387
53843 31 36
53844 25 28
53845 510 192
53846 365 177
53847 28 32
53848 113 29
53849 630 327
53850 172 33
53851 28 32
53852 466 160
53853 428 252
53854 30 33
53855 84 32
53856 558 233
53857 231 57
53858 29 32
53859 244 30
53860 566 361
53861 34 36
53862 33 30
53863 551 260
53864 396 183
53865 31 33
53866 100 32
53867 610 329
53868 197 120
53869 29 33
53870 457 125
53871 434 264
53872 31 33
53873 29 32
53874 522 265
53875 316 165
53876 29 33
53877 172 30
53878 591 349
53879 37 35
53880 28 31
53881 419 141
53882 356 208
53883 30 33
53884 54 29
53885 508 277
53886 150 73
53887 28 29
53888 253 81
53889 432 333
53890 32 33
53891 28 29
53892 472 292
53893 324 225
53894 28 33
53895 119 33
53896 512 359
53897 60 33
53898 28 32
53899 389 192
53900 310 229
53901 32 32
53902 28 29
53903 486 277
53904 238 220
53905 29 33
53906 177 33
53907 495 443
53908 31 25
53909 28 29
53910 380 267
53911 240 205
53912 31 17
53913 41 29
53914 463 401
53915 36 48
53916 28 32
53917 205 120
53918 300 296
53919 30 33
53920 27 0
53921 377 277
53922 166 228
53923 30 32
53924 28 25
53925 460 381
53926 32 36
53927 30 29
53928 351 304
53929 271 282
53930 32 36
53931 29 31
53932 366 304
53933 101 216
53934 31 33
53935 140 81
53936 366 433
