s
0 1109 247
1 1301 401
2 1762 824
3 1967 581
4 2070 1102
5 2015 1722
6 1670 1568
7 1868 1561
8 1589 1471
9 1301 2106
10 581 1422
11 315 1603
12 262 1283
13 96 1265
14 260 852
15 231 311
16 250 677
17 776 116
18 1073 642
19 1421 568
20 1510 347
21 1885 521
22 2110 987
23 2118 1437
24 1863 1548
25 1790 1820
26 1552 1841
27 1267 1915
28 946 1369
29 699 1689
30 259 2054
31 0 1104
32 103 822
33 414 903
34 290 932
35 742 364
36 893 424
37 1016 617
38 1429 401
39 1595 780
40 1861 945
41 2092 1267
42 1818 1510
43 1824 1354
44 1648 1724
45 1370 2099
46 890 2008
47 597 1536
48 667 1566
49 242 1295
50 349 830
51 161 477
52 429 224
53 708 385
54 1113 532
55 1030 0
56 1569 439
57 1940 266
58 2155 1067
59 1838 1270
60 2038 1389
61 1725 1588
62 1705 1798
63 1282 1580
64 1186 2157
65 902 1795
66 525 1203
67 308 1556
68 138 1265
69 264 563
70 312 444
71 576 386
72 906 117
73 1423 64
74 1586 309
75 1898 701
76 1811 1155
77 1844 1227
78 2200 1718
79 1802 1504
80 1554 1638
81 1316 2003
82 1002 2183
83 713 1675
84 590 1381
85 236 1225
86 206 1044
87 311 509
88 330 762
89 855 353
90 789 229
91 1438 412
92 1302 385
93 1877 689
94 2119 875
95 2092 1116
96 2006 1380
97 1730 1381
98 1781 1910
99 1274 2200
100 1155 1903
101 867 1424
102 472 1749
103 97 1043
104 68 1065
105 240 1058
106 76 148
107 355 121
108 624 409
109 1096 78
110 1334 100
111 1440 578
112 1905 976
113 1909 726
114 1701 1413
115 1845 1955
116 1513 1416
117 1467 2119
118 1197 1866
119 880 1786
120 549 1823
121 222 1212
122 331 919
123 126 479
124 509 389
125 274 245
126 498 103
127 944 121
