s
327 2457
570 2254
616 2307
660 2402
750 2499
824 2582
904 2655
990 2714
1036 2792
1072 2839
1116 2819
1086 2799
1054 2729
966 2633
870 2561
772 2475
706 2400
628 2306
566 2245
532 2291
562 2334
616 2385
714 2495
784 2592
866 2677
942 2747
1024 2816
1084 2895
1124 2882
1112 2842
1060 2803
990 2721
918 2642
826 2569
748 2496
666 2432
624 2347
584 2383
606 2434
652 2499
716 2590
822 2688
916 2765
990 2859
1054 2913
1106 2984
1156 2963
1134 2941
1110 2874
1016 2792
908 2693
814 2582
736 2523
664 2426
598 2362
524 2351
530 2394
600 2444
676 2570
764 2662
852 2762
924 2810
1000 2883
1044 2974
1112 2978
1108 2964
1070 2909
1000 2821
924 2736
836 2644
760 2592
686 2526
624 2460
574 2426
590 2474
644 2544
716 2643
784 2736
858 2790
936 2877
998 2951
1072 3000
1116 3048
1128 3017
1100 2982
1038 2903
954 2797
854 2726
780 2651
704 2558
620 2490
560 2438
556 2478
600 2523
660 2615
748 2718
814 2808
900 2859
952 2941
1026 3011
1082 3062
1102 3040
1078 2994
1023 2931
956 2834
866 2750
788 2687
718 2627
650 2563
606 2502
586 2552
628 2606
672 2674
746 2766
810 2827
892 2913
974 2979
1026 3039
1076 3097
1122 3083
1110 3056
1078 3000
1000 2911
910 2833
808 2751
722 2662
656 2589
594 2521
542 2542
570 2570
606 2627
690 2721
786 2817
878 2893
938 2953
996 3035
1052 3097
1108 3083
1096 3067
1064 3005
984 2931
902 2841
812 2752
720 2680
644 2607
570 2518
508 2513
530 2553
566 2621
650 2697
758 2795
850 2898
932 2987
996 3058
1054 3123
1112 3130
1110 3122
1082 3065
1006 2994
910 2892
804 2799
742 2720
684 2643
598 2574
536 2554
542 2592
604 2646
668 2751
750 2831
828 2893
896 2985
962 3055
1020 3114
1074 3127
1072 3093
1036 3044
976 2969
888 2863
806 2791
710 2728
638 2650
572 2578
528 2530
512 2576
560 2630
632 2712
730 2816
812 2908
882 2982
956 3048
1026 3106
1070 3153
