s
0 1223 847
1 1238 925
2 1359 305
3 1825 235
4 2040 0
5 1874 718
6 2066 590
7 1917 959
8 1364 1302
9 1179 1200
10 704 1519
11 548 1661
12 185 1467
13 362 2030
14 251 1816
15 67 1626
16 211 1381
17 923 1272
18 1163 736
19 1340 1053
20 1590 599
21 2026 782
22 1994 502
23 2200 606
24 1681 558
25 1723 970
26 1458 977
27 1303 1693
28 1065 1469
29 511 2129
30 155 1699
31 208 1664
32 102 1431
33 249 1720
34 422 1356
35 672 1190
36 1229 1082
37 1230 1203
38 1601 783
39 1832 444
40 1852 546
41 2072 739
42 1800 613
43 1885 704
44 1408 938
45 1189 1010
46 1054 1395
47 207 1985
48 542 1956
49 213 1818
50 186 2200
51 104 1821
52 448 1760
53 782 1393
54 1058 1268
55 1282 963
56 1347 524
57 1873 535
58 1891 658
59 1896 526
60 1770 441
61 1916 763
62 1595 1050
63 1148 1376
64 1108 1530
65 360 1806
66 444 1738
67 367 1818
68 177 1711
69 443 1607
70 458 1654
71 612 951
72 652 791
73 1069 990
74 1448 752
75 1663 298
76 1967 715
77 1920 496
78 2029 695
79 1677 545
80 1717 936
81 1255 1467
82 1014 1575
83 608 1707
84 537 1983
85 479 1691
86 103 1947
87 104 1212
88 450 1742
89 634 1415
90 894 1195
91 1101 819
92 1402 400
93 1596 825
94 1947 575
95 1880 712
96 2115 226
97 1905 566
98 1589 541
99 1230 1211
100 1111 1537
101 656 1656
102 383 1936
103 357 1965
104 188 1451
105 443 1740
106 258 1461
107 365 1313
108 699 1537
109 1070 994
110 1490 949
111 1796 191
112 1560 485
113 1724 350
114 1937 675
115 1917 811
116 1615 835
117 1624 1166
118 1100 1466
119 710 1865
120 588 1968
121 574 1778
122 0 1878
123 114 2081
124 300 1812
125 423 1509
126 946 1317
127 823 1092
