s
0 1117 874
1 1500 647
2 1635 543
3 1726 385
4 2200 380
5 2122 392
6 1871 776
7 1696 877
8 1419 902
9 1349 1377
10 948 1564
11 585 1375
12 377 1439
13 239 1548
14 105 963
15 551 1590
16 584 1080
17 696 1056
18 1304 1162
19 1322 902
20 1699 367
21 1792 237
22 1765 417
23 1996 676
24 1994 265
25 1561 742
26 1489 1239
27 1217 886
28 783 1292
29 754 1627
30 644 1539
31 87 1762
32 183 1772
33 0 1242
34 311 1381
35 754 1030
36 1061 949
37 1091 500
38 1469 321
39 1679 590
40 1839 392
41 1899 318
42 1996 696
43 1803 701
44 1327 1063
45 1318 1041
46 1032 1158
47 489 1604
48 336 1457
49 112 1510
50 227 1648
51 372 1381
52 475 836
53 702 1325
54 903 692
55 1091 536
56 1535 296
57 1719 101
58 1881 355
59 2004 515
60 1831 336
61 1896 847
62 1692 946
63 1140 893
64 1054 1420
65 853 1233
66 708 1811
67 230 1409
68 401 1389
69 154 1414
70 464 1332
71 797 779
72 859 805
73 1299 795
74 1748 321
75 1716 266
76 1885 327
77 1955 603
78 1859 516
79 1759 491
80 1694 571
81 1328 890
82 903 1307
83 588 1446
84 358 1693
85 360 1327
86 360 1664
87 47 1550
88 280 1077
89 425 994
90 658 975
91 1250 746
92 1423 374
93 1669 0
94 2041 474
95 1830 291
96 1888 516
97 1857 585
98 1905 854
99 1396 970
100 1090 1443
101 761 1525
102 264 1388
103 478 1688
104 242 1371
105 231 1594
106 445 1464
107 515 929
108 942 1217
109 1085 492
110 1277 590
111 1712 457
112 1872 602
113 2057 184
114 1959 151
115 1744 472
116 1699 584
117 1192 1471
118 1133 1330
119 887 1368
120 563 2200
121 358 1624
122 51 1734
123 293 1697
124 498 1661
125 518 1335
126 701 1007
127 1057 507
