s
914 935
1115 1023
1166 1044
1253 100
1213 978
1479 1077
1527 1289
1470 1373
1458 1605
1865 1656
1532 1395
1777 1614
1659 1317
1705 1553
1365 1731
1381 1677
1485 1465
1162 1660
1269 1437
1130 1263
1055 1147
887 1364
862 1039
673 1371
497 973
489 744
519 723
405 850
327 781
325 425
220 422
401 528
623 532
420 453
498 698
525 435
565 545
734 502
834 634
902 451
1153 439
1215 624
1107 826
1218 1111
1524 1214
1312 1308
1472 1061
1586 1184
1733 1305
1635 1708
1805 1392
1546 1471
1570 1561
1595 1864
1528 1719
1288 1784
1374 1807
1332 1447
1180 1648
1053 1299
925 1358
968 1074
506 997
851 1450
667 1104
537 881
348 747
305 765
536 638
252 788
388 266
248 177
389 494
252 174
305 332
384 405
637 495
751 496
829 726
918 326
986 760
1141 995
1227 834
1253 953
1352 961
1599 1196
1682 996
1676 1320
1551 1363
1653 1637
1712 1567
1725 1379
1813 1619
1547 1700
1486 1698
1552 1567
1590 1628
1259 1485
1108 1407
1170 1378
1060 1381
798 1452
761 1274
732 1135
627 585
631 904
487 935
442 700
593 558
406 504
382 564
212 425
263 588
298 435
436 96
603 579
460 544
600 446
854 467
1001 434
888 844
1162 636
1215 869
1415 857
1572 967
1524 1136
1479 1542
1569 1051
1674 1345
1883 1611
1680 1585
1768 1523
1625 1503
1468 1597
1603 1782
1649 1575
1442 1643
1287 1503
1211 1298
1338 1375
1225 1459
809 1075
979 1391
651 1228
460 1219
532 948
441 930
379 1147
478 318
482 713
321 539
151 936
168 521
289 567
460 553
664 481
668 370
576 504
574 830
926 459
1020 700
1250 550
1281 937
1111 607
1417 1115
1315 1139
1686 1023
1663 1180
1482 1166
1771 1513
1677 1295
1671 1484
1605 1681
1647 1314
1463 1415
1540 1713
1473 1706
1128 1744
1196 1329
1154 1482
906 1552
854 1280
641 1243
545 1135
420 991
399 1048
458 994
434 909
366 636
283 969
461 633
395 519
375 612
448 422
366 341
587 461
666 213
601 643
790 273
838 592
961 769
1156 571
1317 801
1496 960
1450 1034
1518 671
1531 1190
1574 1167
1784 1344
1809 1253
1750 1636
1648 1666
1471 1349
1639 1578
1549 1232
1484 1379
1477 1577
1348 1560
1467 1331
1058 1513
1177 1451
895 1408
687 1063
457 1078
484 769
630 865
369 961
523 567
480 690
303 525
220 651
503 345
430 395
237 440
479 684
450 419
831 622
726 353
633 332
991 615
1032 805
867 398
1337 538
1235 835
1418 613
1606 1224
1606 1209
1792 960
1582 1753
1762 1374
1684 1533
1557 1549
1622 1657
1428 1658
1602 1429
1560 1625
1358 1798
1357 1618
1243 1418
975 1065
1056 1495
853 1168
849 1280
657 1128
252 951
416 866
487 803
473 781
384 413
478 531
376 621
387 485
381 537
396 624
348 604
493 203
770 544
780 521
717 632
973 455
1021 709
1287 673
1183 821
1380 1113
1473 1037
1568 1348
1511 1245
1705 1687
1721 1051
1633 1268
1799 1779
1587 1314
1597 1671
1501 1246
1352 1511
1364 1290
1349 1490
1089 1471
1151 1823
932 1379
1031 1374
856 1382
803 938
815 982
529 1011
570 979
593 802
364 866
387 794
250 766
404 757
364 625
348 231
453 220
435 254
538 356
528 650
569 350
644 485
881 949
1040 691
1025 616
1226 830
1284 859
1448 905
1341 956
1440 1405
1596 1499
1775 1263
1661 1464
1651 1583
1700 1593
2000 1528
1775 1646
1571 1391
1465 1818
1497 1389
1328 1500
1240 1562
1098 1248
823 1025
933 1289
725 1199
595 1174
639 938
677 952
381 818
410 726
163 641
584 654
162 753
331 531
450 511
219 686
457 584
674 697
466 546
754 668
886 315
976 1090
1118 305
1009 641
1128 1172
1241 651
1265 888
1553 1326
1542 1070
1559 1311
1483 1403
1834 1796
1731 1663
1569 1802
1637 1416
1564 1408
1670 1448
1713 1399
1608 1470
1359 1423
1166 1250
1213 1475
1159 1197
841 1040
907 1220
802 990
405 1020
533 941
466 917
381 850
251 455
306 434
372 700
404 350
400 598
384 211
355 348
642 759
717 260
654 244
752 721
901 702
852 609
678 1059
1343 995
1247 885
1258 1281
1471 1248
1474 1263
1570 1460
1419 1233
1594 1623
1839 1380
1480 1499
1487 1629
1680 1553
1515 1346
1794 2000
1414 1543
1454 1686
1142 1204
1183 1333
848 1098
812 1166
710 1361
580 1452
561 607
472 865
339 451
353 598
487 537
284 614
389 682
521 306
503 491
346 341
410 433
528 584
640 514
651 360
705 611
842 958
1181 664
1107 525
1112 890
1407 1017
1382 919
1595 1309
1440 1024
1768 1335
1459 1233
1650 1624
1543 1484
1719 1547
1783 1666
1620 1620
1468 1343
1418 1766
1247 1869
1272 1342
1257 1595
1198 1402
891 1329
1008 1381
712 1015
839 856
719 805
476 1247
577 1026
165 636
122 801
309 537
255 41
449 630
449 418
472 454
476 471
388 505
650 310
663 170
743 750
831 336
874 874
1098 710
1228 583
1275 777
1472 1017
1455 1087
1722 1178
1461 1348
1498 1307
1715 1870
1522 1531
1468 1685
1527 1282
1640 1425
1585 1560
1590 1969
1607 1509
1261 1621
1197 1571
1036 1441
659 1375
1055 1116
717 1191
827 1413
549 863
434 864
381 1492
417 1046
394 554
352 669
521 889
424 529
133 532
401 430
563 246
411 288
580 817
758 353
812 383
851 780
1109 798
1002 1077
1198 979
1338 1134
1480 867
1506 1082
1546 1404
1610 1609
1820 1224
1646 1237
1705 1279
1729 1843
1523 1541
1587 1741
1529 1686
1382 1412
1384 1667
1338 1280
1215 1750
965 1779
1049 1455
1042 1261
810 934
843 967
497 1014
541 854
461 1180
484 1136
283 729
132 789
312 661
303 378
357 351
337 645
390 303
395 284
566 629
713 638
851 527
837 670
1087 785
1104 797
1478 1037
1251 831
1174 1061
1334 1340
1703 1319
1630 1309
1562 1623
1728 1650
1676 1719
1626 1800
1661 1785
1679 1626
1560 1666
1474 1737
1433 1558
1276 1716
1278 1503
1220 1473
1064 1117
806 1359
754 1201
731 1416
769 1029
461 948
490 803
420 867
402 532
241 384
183 576
327 436
186 401
263 119
515 515
362 756
497 390
679 227
981 636
937 530
933 648
1067 815
1115 955
1290 980
1426 930
1631 961
1469 1258
1580 1196
1685 1453
1780 1551
1700 1239
1731 1386
1765 1500
1393 1490
1602 1687
1352 1554
1320 1759
1467 1485
1260 1687
1064 1438
968 1590
946 1484
833 1426
692 1082
635 863
383 607
504 849
360 448
297 778
248 603
291 282
308 674
448 436
434 313
620 161
474 462
436 557
844 533
812 563
962 420
895 390
779 975
1232 969
1334 816
1434 1004
1537 1218
1672 1419
1471 1246
1450 1275
1848 1717
1639 1298
1570 1293
1716 1752
1794 1598
1531 1341
1559 1715
1515 1264
1189 1495
1313 1469
1068 1457
1016 1293
882 1550
773 999
681 1020
547 1142
593 967
425 955
482 646
548 715
441 681
272 433
341 365
350 262
363 283
371 70
664 513
432 483
727 665
816 342
791 563
1118 520
1082 1079
1188 785
1151 627
1376 997
1394 950
1654 1401
1614 1143
1712 1284
1868 1513
1770 1500
1768 1728
1530 1495
1660 1722
1527 1365
1446 1472
1256 1461
1139 1635
1176 1433
1275 1154
1041 1399
929 1244
726 1250
633 916
404 665
432 1308
565 881
302 802
238 725
205 681
322 562
342 582
484 378
488 397
246 294
490 507
585 454
725 591
795 304
999 266
1137 806
1153 750
1289 980
1416 775
1215 1124
1349 1072
1628 1178
1543 1211
1634 1351
1775 1483
1850 1286
1579 1435
1562 1620
1604 1537
1550 1206
1338 1346
1235 1262
1194 1293
1188 1561
1328 1581
1130 1858
801 1109
795 952
803 1021
533 854
503 727
371 1135
444 831
358 809
318 527
284 758
311 523
294 0
518 729
667 526
432 308
568 601
537 207
791 271
711 679
1013 931
1131 771
1121 951
1384 990
1422 1209
1519 1145
1473 1698
1707 1137
1492 1125
1635 1599
1870 1267
1750 1619
1517 1769
1798 1584
1588 1656
1525 1489
1690 1466
1226 1515
1153 1590
1128 1502
959 1128
995 1400
665 1216
635 1279
630 1027
612 853
444 821
226 1032
440 474
148 650
463 255
409 859
336 526
223 310
380 479
461 514
610 406
739 621
729 529
1062 442
954 609
1176 826
1070 829
1272 701
1281 1065
1463 971
1650 1054
1712 1501
1572 1199
1722 1571
1672 1302
1681 1865
1618 1800
1627 1698
1560 1691
1396 1584
1469 1317
1235 1920
1229 1404
1218 1531
1059 1194
864 1525
850 1358
674 1382
544 842
446 1075
256 654
528 1180
184 626
270 327
472 261
343 239
302 326
394 649
471 263
426 346
742 854
665 423
847 511
854 843
1039 429
1087 862
1207 998
1399 951
1504 1044
1407 1187
1553 1037
1469 1476
1604 928
1635 1379
1592 1769
1553 1392
1640 1478
1599 1262
1450 1377
1580 1678
1475 1620
1279 1454
1483 1438
1127 1435
1195 1333
911 1180
695 1541
648 1174
564 873
493 862
306 980
352 566
329 400
305 557
0 1003
378 575
415 591
364 408
290 657
463 912
735 597
863 572
635 356
820 638
1044 789
946 795
1302 813
1336 698
1497 861
1545 1109
1451 1273
1534 1112
1656 1547
1791 1304
1781 1597
1785 1789
1690 1427
1587 1577
1537 1610
1516 1806
1294 1274
1363 1865
1354 1704
1317 1325
896 1406
783 1296
771 1097
880 912
611 952
548 1353
486 1032
416 626
410 464
299 735
442 514
343 710
375 594
302 622
370 223
487 467
726 566
653 385
611 892
949 856
1001 787
1171 1043
1017 800
1208 823
1420 739
1401 911
1428 1233
1697 1181
1749 1155
1664 1249
1629 1700
1900 1391
1760 1655
1543 1495
1595 1894
1794 1636
1359 1597
1324 1768
1418 1457
1239 1596
969 1046
1013 1509
798 1155
584 1303
638 1204
649 1057
278 979
335 851
149 697
513 593
267 436
307 834
335 341
523 147
322 436
203 392
618 439
745 759
766 857
1008 601
978 474
1125 719
1269 1211
1266 672
1470 862
1502 1099
1529 1147
1506 1206
1629 1335
1659 1735
1645 1473
1751 1408
1515 1290
1584 1790
1615 1768
1301 1649
1546 1323
1243 1158
1315 1557
1001 1276
953 1418
848 1401
889 1156
569 867
627 873
533 1020
372 700
401 549
339 1002
430 480
350 486
368 751
154 487
498 842
415 502
569 531
657 378
828 582
869 941
892 763
948 620
1095 942
1335 994
1249 1024
1405 1241
1495 1361
1571 1354
1413 1327
1540 1125
1774 1339
1517 1258
1595 1350
1543 1357
1833 1841
1640 1656
1583 1650
1267 1581
1502 1374
1327 1553
948 1050
1053 1468
765 1605
699 1197
648 708
