s
846 1057
1105 1362
1123 1593
1604 1473
1383 1313
1520 1481
1439 1588
1420 1749
1797 1726
1561 1511
1875 1191
1788 1269
1703 1980
1575 1104
1557 1629
1619 824
1213 1141
1316 665
1267 976
1068 964
1129 595
747 716
858 1033
683 942
433 1188
577 1330
320 1278
479 1631
353 1334
315 1554
159 1276
127 1685
285 1443
392 1359
347 1447
494 1633
592 1203
662 1343
914 1394
795 1392
1160 1289
1232 1195
1283 580
1148 565
1455 954
1504 755
1514 491
1585 673
1567 322
1820 343
1693 154
1646 394
1678 109
1853 628
1414 684
1578 617
1565 320
1407 427
1166 547
1129 749
1245 842
799 963
648 1068
837 877
392 1469
486 1529
278 1175
427 1380
590 1283
238 1651
265 1587
433 1341
264 1435
284 1698
500 1473
446 1595
461 1680
711 1084
820 1360
839 1106
913 776
1058 1295
1355 875
1161 779
1483 694
1488 703
1670 526
1736 376
1439 301
1737 569
1814 484
1790 304
1741 565
1631 207
1657 223
1355 242
1463 359
1248 629
1327 734
1235 722
907 825
1010 806
742 1165
778 951
766 1285
515 1573
559 1130
525 1523
427 1366
173 1416
224 1417
276 1629
244 1399
407 1530
350 1633
482 1468
714 1381
518 1390
884 1323
857 1085
808 1009
1037 1105
1130 841
1444 846
1491 715
1762 677
1681 506
1691 398
1849 885
1672 597
1772 531
1728 416
1760 286
1789 342
1802 241
1612 652
1565 842
1321 820
1461 684
1119 790
1017 724
967 733
862 1063
702 1104
703 1351
402 1463
459 1307
196 1377
117 1427
281 1411
347 1858
107 1412
318 1643
291 1224
501 1560
576 1368
585 1357
665 1021
647 1175
920 984
845 796
1161 1093
1383 965
1239 768
1252 823
1555 625
1713 316
1811 372
1748 514
1795 331
1710 286
1627 627
1542 370
1594 333
1421 678
1604 607
1284 509
1292 863
1320 735
1148 711
1089 1085
951 1008
818 916
733 825
651 1191
436 1415
537 1151
408 1351
351 1543
369 1637
175 1402
204 1487
337 1589
398 1333
334 1274
472 1574
446 1246
624 1252
686 1362
754 965
885 1054
1046 1065
1313 803
1513 1124
1523 306
1613 731
1489 380
1599 231
1787 545
1722 424
1740 287
1767 495
1607 665
1722 493
1534 361
1400 622
1585 627
1298 770
1239 659
1249 506
1027 1089
908 1209
676 1137
975 900
672 1200
486 1417
499 1209
134 1518
404 1527
238 1792
467 1353
352 1719
341 1449
389 1552
452 1285
480 1443
582 1514
634 1497
808 1258
1025 1056
1037 1183
1177 694
1234 590
1445 702
1407 748
1480 543
1511 485
1773 426
1841 448
1625 296
1797 388
2000 383
1579 542
1638 393
1766 465
1481 487
1227 577
1429 737
988 833
1212 654
1052 927
1080 910
759 906
797 900
587 1370
532 1193
594 1123
419 1073
185 1648
267 1571
316 1564
182 1718
397 1669
268 1214
350 1401
553 1442
658 1632
557 1280
716 1360
984 1067
1135 972
1101 1083
1299 928
1331 450
1594 800
1627 285
1554 767
1887 402
1555 265
1736 644
1709 583
1744 651
1762 250
1598 441
1719 366
1341 420
1489 251
1320 772
1227 929
1012 710
1020 1181
789 1077
676 914
776 1182
700 1336
331 1265
446 1200
429 1481
280 1184
138 1511
359 1468
345 1557
333 1605
426 1653
468 1474
333 1262
624 1063
575 1169
683 1351
718 1110
1220 1193
1288 1009
1283 992
1339 712
1411 771
1714 401
1659 457
1634 471
1818 564
1656 359
1692 17
1687 481
1738 429
1669 198
1766 502
1579 395
1473 351
1357 523
1170 749
1250 893
1026 981
1086 590
774 974
506 1158
566 1160
416 1468
469 1475
402 1402
220 1269
298 1233
130 1511
162 1191
201 1633
325 1472
473 1254
571 1663
479 1370
613 826
524 1430
749 1180
1014 771
893 1185
1144 693
1209 653
1408 616
1536 654
1715 661
1602 429
1726 752
1719 731
1759 480
1748 371
1608 210
1535 551
1581 753
1451 128
1390 635
1119 604
1244 480
1266 808
851 742
943 866
701 1014
665 1051
543 1178
504 1091
531 1418
410 1472
252 1296
169 1223
360 1371
207 1350
324 1687
449 1404
438 1606
550 1266
524 1625
817 1215
790 1163
876 1120
1069 1220
1071 826
1169 531
1512 746
1244 903
1589 865
1583 542
1792 598
1717 328
1717 255
1670 593
1540 255
1664 406
1576 349
1511 388
1607 597
1726 880
1356 566
1164 956
1149 583
927 1048
809 1140
847 696
639 1127
499 1278
466 1284
606 1286
446 1558
271 1245
281 1315
156 1615
258 1835
312 1356
464 1696
105 1545
510 1452
521 1300
681 1020
600 1348
707 1282
877 967
1083 1221
1341 1078
1194 930
1438 604
1525 665
1517 759
1738 394
1839 477
1528 455
1916 147
1571 234
1716 716
1630 139
1615 704
1485 353
1564 787
1562 661
1423 659
1271 825
1059 941
935 702
599 970
676 1088
456 861
512 1505
453 1417
336 1696
247 1445
347 1336
222 1716
309 1407
390 1335
195 1705
591 1486
508 1583
591 1448
761 1232
621 1760
996 1174
910 665
1017 938
1227 927
1387 762
1553 638
1638 583
1514 415
1916 359
1704 213
1697 511
1594 309
1629 543
1640 663
1607 609
1650 581
1513 677
1425 387
1245 460
1186 676
1033 965
952 807
797 1071
846 856
659 1177
440 1074
326 1521
409 1151
237 1501
131 1342
206 1250
360 1317
320 1548
302 1746
376 1674
175 1753
384 1042
704 1472
694 1303
801 1278
898 1178
1007 955
1416 1005
998 795
1299 749
1493 626
1656 667
1351 554
1610 564
1633 615
1956 539
1725 359
1477 718
1554 381
1941 367
1760 194
1451 455
1510 766
1397 1186
1336 542
1121 562
1014 756
947 757
817 1201
613 1312
632 1289
457 1332
521 1207
449 1563
255 1215
318 1398
236 1288
240 1448
239 1278
504 1727
463 1746
554 1271
559 1326
767 1327
834 1376
1002 1157
1123 1033
1080 1060
1282 1151
1419 694
1424 589
1546 498
1650 569
1576 490
1656 307
1621 266
1745 461
1655 166
1837 602
1482 282
1437 339
1599 579
1342 334
1604 638
1424 1064
917 701
927 519
837 858
767 1294
699 912
612 1285
583 1514
331 1200
160 1482
372 1668
211 1420
147 1735
220 1280
414 2000
315 1577
356 1312
453 1197
721 1243
693 1551
760 1465
1031 995
1297 985
1221 1065
1192 991
1409 1031
1521 545
1649 725
1531 28
1678 767
1781 268
1696 604
1632 386
1596 167
1607 620
1578 216
1594 586
1468 612
1475 647
1351 633
1295 1054
1230 776
1152 1084
1117 812
888 788
764 1465
571 1290
618 1099
503 1128
252 1524
116 1738
271 980
178 1450
249 1410
357 1320
538 1628
471 1483
407 1239
545 1320
656 868
860 869
980 1260
870 1164
1132 682
1253 766
1369 541
1672 689
1157 585
1796 611
1522 357
1639 338
1638 868
1733 319
1715 338
1687 845
1501 106
1538 767
1471 591
1333 613
1314 559
1162 730
1069 813
1065 774
839 1029
680 917
617 1306
379 1234
626 1253
571 1283
239 1553
293 1453
156 1759
397 1531
299 1528
249 1674
406 1953
676 1341
334 1169
397 1081
371 1239
652 1248
846 1332
985 1055
1121 937
1337 792
1230 726
1312 410
1642 550
1621 493
1848 151
1625 728
1633 370
1935 649
1909 625
1626 486
1745 262
1466 621
1437 347
1389 494
1475 873
1205 699
1099 730
919 777
734 1136
728 612
748 1039
469 1298
570 1185
571 1672
169 1425
256 1766
452 1441
31 1897
471 1604
318 1131
335 1601
341 1387
319 987
548 1253
632 1051
878 1307
796 1009
1019 336
1083 1068
1186 1021
1477 805
1472 676
1461 740
1630 700
1551 553
1441 554
1811 0
1706 486
1795 182
1799 544
1676 409
1755 571
1458 411
1417 938
1372 310
1146 722
1100 805
1004 1020
936 954
707 929
743 1153
744 1125
457 1234
633 1256
457 1505
417 1595
163 1695
297 1605
0 1604
214 1622
235 1327
195 1524
537 1228
450 1313
644 1535
744 1364
772 1007
998 908
993 1014
1209 1034
1273 953
1445 615
1555 578
1859 568
1616 62
1665 587
1818 756
1677 397
1885 643
1745 343
1641 54
1519 718
1538 287
1401 806
1276 708
1299 513
1178 1018
842 939
806 1166
696 1291
586 1099
416 1244
692 1191
236 1480
439 1387
295 1300
284 1435
453 1514
272 1486
234 1465
500 1440
255 1635
521 1536
435 1149
796 1165
530 1228
751 968
836 1089
1103 1038
1171 714
1353 850
1337 692
1451 817
1577 699
1624 635
1886 373
1710 520
1824 822
1601 313
1592 457
1844 607
1469 445
1564 512
1456 482
1375 540
1193 808
815 961
1022 962
933 756
845 1096
767 1106
677 1160
436 1281
261 1270
481 1679
381 1116
87 1606
291 1572
360 1898
8 1397
343 1486
543 1672
403 1674
630 1530
737 1573
899 1177
979 1151
1093 909
1117 1022
1104 750
1219 948
1491 613
1479 466
1650 255
1552 589
1606 327
1667 344
1522 395
1603 345
1560 202
1633 278
1689 354
1483 415
1391 480
1369 702
1240 306
1270 726
1153 1219
823 1017
930 1069
686 1130
533 1268
522 1097
335 1310
206 1505
166 1478
308 1642
223 1529
260 1382
219 1783
409 1589
509 1599
578 1390
666 1376
783 839
873 1542
1013 1539
934 996
1098 1253
1209 866
1377 993
1357 546
1382 700
1570 678
1798 593
1593 810
1769 190
1546 216
1518 372
1787 357
1904 483
1560 259
1601 617
1438 643
1364 545
1289 828
1336 1199
1056 853
763 939
782 975
577 1175
701 1150
382 1280
417 1656
361 1516
148 1708
370 1396
451 1415
377 1776
366 1452
107 1383
354 1355
791 1216
511 1478
681 1459
1007 1250
965 1116
896 979
1061 485
1323 824
1384 596
1277 759
1578 612
1608 315
1684 513
1699 551
1894 559
1511 233
1765 379
1790 426
1439 481
1572 239
1487 322
1634 436
1170 663
1238 657
1240 844
1030 942
956 1151
845 1097
610 1144
573 1089
593 1114
393 1521
483 1345
367 1548
478 1303
249 1487
1 1487
230 1708
147 1400
452 1623
463 1186
742 1288
559 1442
522 1185
906 1115
901 1157
1313 1475
1250 677
1215 841
1305 1152
1741 410
1550 688
1513 437
1881 693
1785 328
1754 431
1588 172
1665 499
1759 339
1507 694
1491 334
1550 559
1217 921
1242 895
1213 844
1071 982
850 1121
773 953
648 1038
525 1154
483 1491
500 1627
455 1265
193 1357
251 1170
365 1374
326 1393
272 1377
241 1477
572 1363
407 1289
644 1401
699 1649
562 1269
877 981
1203 1289
808 933
1164 994
1346 774
1480 532
1459 752
1670 322
1719 408
1638 415
1685 435
1611 548
1825 360
1664 30
1531 527
1581 566
1391 571
1344 418
1475 553
1117 763
1051 1104
1075 637
691 1198
928 1250
662 1289
