s
1122 84
990 354
1192 363
1348 595
1394 894
1752 1232
1706 1019
1849 1277
1840 1412
1829 1749
1775 1094
1522 1689
1374 1893
1489 1641
1140 1600
1119 1677
1034 1106
667 595
671 1017
423 1096
373 1228
489 1352
413 1568
255 2000
0 1889
448 1567
517 1753
683 1644
715 1490
826 1041
1220 1413
1242 1360
1343 1234
1521 765
1798 438
1831 476
1568 488
1648 656
1856 638
1853 416
1727 278
1513 152
1481 267
1346 608
1346 595
1046 768
822 794
794 943
675 1271
394 1246
628 1634
168 1537
302 1597
536 1742
223 1886
488 1575
417 1823
453 1814
808 1484
1062 1560
980 1123
1061 935
1281 951
1544 569
1562 606
1788 562
1652 672
1874 398
1809 347
1742 458
1772 496
1604 413
1486 517
1529 466
1148 398
1234 675
948 860
701 1263
434 1374
472 1423
509 1320
288 1105
294 1801
252 1473
82 1862
542 1744
385 1740
801 1483
607 1229
651 1417
737 1313
1374 1033
1464 697
1322 1241
1797 728
1808 426
1973 546
1870 333
1854 552
1791 0
1674 602
1929 360
1491 372
1386 437
1143 894
1147 862
860 852
831 811
528 1314
576 1660
431 1493
531 1584
118 1599
247 1406
405 1415
528 1539
472 1839
522 1404
708 1331
873 1405
1093 811
1264 1131
1464 782
1460 854
1738 821
1929 895
1916 506
1978 181
1787 358
2000 524
1754 170
1673 301
1269 474
1233 436
1160 463
1211 861
1122 1030
755 940
900 1269
498 1070
318 1415
109 1637
365 1775
133 1324
163 1485
460 1552
493 1718
681 1474
888 1664
872 1627
963 1419
1014 1018
1498 930
1731 1009
1841 871
1645 880
1622 254
1691 377
1783 288
1715 264
1654 632
1507 209
1375 381
1435 501
1294 533
986 924
1080 1206
750 879
647 1419
461 1321
494 1542
213 1299
176 1616
240 1406
245 1665
661 1584
428 1547
378 1412
726 1754
1105 1341
1039 1249
1271 1292
1273 832
1583 837
1653 762
1679 551
1871 743
1729 56
1696 466
1760 144
1973 408
1648 519
